% time-domain voltage integration by openEMS v0.37.0-rc1 @Fri Jul  3 17:24:19 2026
% start-coordinates: (0.00025,0.00492902,0) m -> [35,257,10]
% stop-coordinates: (0.00025,0.00492902,0) m -> [35,257,10]
% t/s	voltage
0	-0
1.3856104538e-11	-0
2.7712209076e-11	-0
4.1568313614e-11	-0
5.5424418152e-11	-0
6.928052269e-11	-0
8.3136627228e-11	-0
9.6992731766e-11	-0
1.10848836304e-10	-0
1.24704940842e-10	-0
1.3856104538e-10	-0
1.52417149918e-10	-0
1.66273254456e-10	-0
1.80129358994e-10	-0
1.93985463532e-10	-0
2.0784156807e-10	-0
2.21697672608e-10	-0
2.35553777146e-10	-0
2.49409881684e-10	-0
2.63265986222e-10	-0
2.7712209076e-10	-0
2.90978195298e-10	-0
3.04834299836e-10	-0
3.18690404374e-10	-0
3.32546508912e-10	-0
3.4640261345e-10	-0
3.60258717988e-10	-0
3.74114822526e-10	-0
3.87970927064e-10	-0
4.01827031602e-10	-0
4.1568313614e-10	-0
4.29539240678e-10	-0
4.43395345216e-10	-0
4.57251449754e-10	-0
4.71107554292e-10	-0
4.8496365883e-10	-0
4.98819763368e-10	-0
5.12675867906e-10	-0
5.26531972444e-10	-0
5.40388076982e-10	-0
5.5424418152e-10	-0
5.68100286058e-10	-0
5.81956390596e-10	-0
5.95812495134e-10	-0
6.09668599672e-10	-0
6.2352470421e-10	-0
6.37380808748e-10	-0
6.51236913286e-10	-0
6.65093017824e-10	-0
6.78949122362e-10	-0
6.928052269e-10	-0
7.06661331438e-10	-0
7.20517435976e-10	-0
7.34373540514e-10	-0
7.48229645052e-10	-0
7.6208574959e-10	-0
7.75941854128e-10	-0
7.89797958666e-10	-0
8.03654063204e-10	-0
8.17510167742e-10	-0
8.3136627228e-10	-0
8.45222376818e-10	-0
8.59078481356e-10	-0
8.72934585894e-10	-0
8.86790690432e-10	-0
9.0064679497e-10	-0
9.14502899508e-10	-0
9.28359004046e-10	-0
9.42215108584e-10	-0
9.56071213122e-10	-0
9.6992731766e-10	-0
9.83783422198e-10	-0
9.97639526736e-10	-0
1.01149563127e-09	-0
1.02535173581e-09	-0
1.03920784035e-09	-0
1.05306394489e-09	-0
1.06692004943e-09	-0
1.08077615396e-09	-0
1.0946322585e-09	-0
1.10848836304e-09	-0
1.12234446758e-09	-0
1.13620057212e-09	-0
1.15005667665e-09	-0
1.16391278119e-09	-0
1.17776888573e-09	-0
1.19162499027e-09	-0
1.20548109481e-09	-0
1.21933719934e-09	-0
1.23319330388e-09	-0
1.24704940842e-09	-0
1.26090551296e-09	-0
1.2747616175e-09	-0
1.28861772203e-09	-0
1.30247382657e-09	-0
1.31632993111e-09	-0
1.33018603565e-09	-0
1.34404214019e-09	-0
1.35789824472e-09	-0
1.37175434926e-09	-0
1.3856104538e-09	-0
1.39946655834e-09	-0
1.41332266288e-09	-0
1.42717876741e-09	-0
1.44103487195e-09	-0
1.45489097649e-09	-0
1.46874708103e-09	-0
1.48260318557e-09	-0
1.4964592901e-09	-0
1.51031539464e-09	-0
1.52417149918e-09	-0
1.53802760372e-09	-0
1.55188370826e-09	-0
1.56573981279e-09	-0
1.57959591733e-09	-0
1.59345202187e-09	-0
1.60730812641e-09	-0
1.62116423095e-09	-0
1.63502033548e-09	-0
1.64887644002e-09	-0
1.66273254456e-09	-0
1.6765886491e-09	-0
1.69044475364e-09	-0
1.70430085817e-09	-0
1.71815696271e-09	-0
1.73201306725e-09	-0
1.74586917179e-09	-0
1.75972527633e-09	-0
1.77358138086e-09	-0
1.7874374854e-09	-0
1.80129358994e-09	-0
1.81514969448e-09	-0
1.82900579902e-09	-0
1.84286190355e-09	-0
1.85671800809e-09	-0
1.87057411263e-09	-0
1.88443021717e-09	-0
1.89828632171e-09	-0
1.91214242624e-09	-0
1.92599853078e-09	-0
1.93985463532e-09	-0
1.95371073986e-09	-0
1.9675668444e-09	-0
1.98142294893e-09	-0
1.99527905347e-09	-0
2.00913515801e-09	-0
2.02299126255e-09	-0
2.03684736709e-09	-0
2.05070347162e-09	-0
2.06455957616e-09	-0
2.0784156807e-09	-0
2.09227178524e-09	-0
2.10612788978e-09	-0
2.11998399431e-09	-0
2.13384009885e-09	-0
2.14769620339e-09	-0
2.16155230793e-09	-0
2.17540841247e-09	-0
2.189264517e-09	-0
2.20312062154e-09	-0
2.21697672608e-09	-0
2.23083283062e-09	-0
2.24468893516e-09	-0
2.25854503969e-09	-0
2.27240114423e-09	-0
2.28625724877e-09	-0
2.30011335331e-09	-0
2.31396945785e-09	-0
2.32782556239e-09	-0
2.34168166692e-09	-0
2.35553777146e-09	-0
2.369393876e-09	-0
2.38324998054e-09	-0
2.39710608508e-09	-0
2.41096218961e-09	-0
2.42481829415e-09	-0
2.43867439869e-09	-0
2.45253050323e-09	-0
2.46638660777e-09	-0
2.4802427123e-09	-0
2.49409881684e-09	-0
2.50795492138e-09	-0
2.52181102592e-09	-0
2.53566713046e-09	-0
2.54952323499e-09	-0
2.56337933953e-09	-0
2.57723544407e-09	-0
2.59109154861e-09	-0
2.60494765315e-09	-0
2.61880375768e-09	-0
2.63265986222e-09	-0
2.64651596676e-09	-0
2.6603720713e-09	-0
2.67422817584e-09	-0
2.68808428037e-09	-0
2.70194038491e-09	-0
2.71579648945e-09	-0
2.72965259399e-09	-0
2.74350869853e-09	-0
2.75736480306e-09	-0
2.7712209076e-09	-0
2.78507701214e-09	-0
2.79893311668e-09	-0
2.81278922122e-09	-0
2.82664532575e-09	-0
2.84050143029e-09	-0
2.85435753483e-09	-0
2.86821363937e-09	-0
2.88206974391e-09	-0
2.89592584844e-09	-0
2.90978195298e-09	-0
2.92363805752e-09	-0
2.93749416206e-09	-0
2.9513502666e-09	-0
2.96520637113e-09	-0
2.97906247567e-09	-0
2.99291858021e-09	-0
3.00677468475e-09	-0
3.02063078929e-09	-0
3.03448689382e-09	-0
3.04834299836e-09	-0
3.0621991029e-09	-0
3.07605520744e-09	-0
3.08991131198e-09	-0
3.10376741651e-09	-0
3.11762352105e-09	-0
3.13147962559e-09	-0
3.14533573013e-09	-0
3.15919183467e-09	-0
3.1730479392e-09	-0
3.18690404374e-09	-0
3.20076014828e-09	-0
3.21461625282e-09	-0
3.22847235736e-09	-0
3.24232846189e-09	-0
3.25618456643e-09	-0
3.27004067097e-09	-0
3.28389677551e-09	-0
3.29775288005e-09	-0
3.31160898458e-09	-0
3.32546508912e-09	-0
3.33932119366e-09	-0
3.3531772982e-09	-0
3.36703340274e-09	-0
3.38088950727e-09	-0
3.39474561181e-09	-0
3.40860171635e-09	-0
3.42245782089e-09	-0
3.43631392543e-09	-0
3.45017002996e-09	-0
3.4640261345e-09	-0
3.47788223904e-09	-0
3.49173834358e-09	-0
3.50559444812e-09	-0
3.51945055265e-09	-0
3.53330665719e-09	-0
3.54716276173e-09	-0
3.56101886627e-09	-0
3.57487497081e-09	-0
3.58873107534e-09	-0
3.60258717988e-09	-0
3.61644328442e-09	-0
3.63029938896e-09	-0
3.6441554935e-09	-0
3.65801159803e-09	-0
3.67186770257e-09	-0
3.68572380711e-09	-0
3.69957991165e-09	-0
3.71343601619e-09	-0
3.72729212072e-09	-0
3.74114822526e-09	-0
3.7550043298e-09	-0
3.76886043434e-09	-0
3.78271653888e-09	-0
3.79657264341e-09	-0
3.81042874795e-09	-0
3.82428485249e-09	-0
3.83814095703e-09	-0
3.85199706157e-09	-0
3.8658531661e-09	-0
3.87970927064e-09	-0
3.89356537518e-09	-0
3.90742147972e-09	-0
3.92127758426e-09	-0
3.93513368879e-09	-0
3.94898979333e-09	-0
3.96284589787e-09	-0
3.97670200241e-09	-0
3.99055810695e-09	-0
4.00441421148e-09	-0
4.01827031602e-09	-0
4.03212642056e-09	-0
4.0459825251e-09	-0
4.05983862964e-09	-0
4.07369473417e-09	-0
4.08755083871e-09	-0
4.10140694325e-09	-0
4.11526304779e-09	-0
4.12911915233e-09	-0
4.14297525686e-09	-0
4.1568313614e-09	-0
4.17068746594e-09	-0
4.18454357048e-09	-0
4.19839967502e-09	-0
4.21225577955e-09	-0
4.22611188409e-09	-0
4.23996798863e-09	-0
4.25382409317e-09	-0
4.26768019771e-09	-0
4.28153630224e-09	-0
4.29539240678e-09	-0
4.30924851132e-09	-0
4.32310461586e-09	-0
4.3369607204e-09	-0
4.35081682493e-09	-0
4.36467292947e-09	-0
4.37852903401e-09	-0
4.39238513855e-09	-0
4.40624124309e-09	-0
4.42009734762e-09	-0
4.43395345216e-09	-0
4.4478095567e-09	-0
4.46166566124e-09	-0
4.47552176578e-09	-0
4.48937787031e-09	-0
4.50323397485e-09	-0
4.51709007939e-09	-0
4.53094618393e-09	-0
4.54480228847e-09	-0
4.558658393e-09	-0
4.57251449754e-09	-0
4.58637060208e-09	-0
4.60022670662e-09	-0
4.61408281116e-09	-0
4.62793891569e-09	-0
4.64179502023e-09	-0
4.65565112477e-09	-0
4.66950722931e-09	-0
4.68336333385e-09	-0
4.69721943838e-09	-0
4.71107554292e-09	-0
4.72493164746e-09	-0
4.738787752e-09	-0
4.75264385654e-09	-0
4.76649996107e-09	-0
4.78035606561e-09	-0
4.79421217015e-09	-0
4.80806827469e-09	-0
4.82192437923e-09	-0
4.83578048376e-09	-0
4.8496365883e-09	-0
4.86349269284e-09	-0
4.87734879738e-09	-0
4.89120490192e-09	-0
4.90506100645e-09	-0
4.91891711099e-09	-0
4.93277321553e-09	-0
4.94662932007e-09	-0
4.96048542461e-09	-0
4.97434152914e-09	-0
4.98819763368e-09	-0
5.00205373822e-09	-0
5.01590984276e-09	-0
5.0297659473e-09	-0
