% time-domain voltage integration by openEMS v0.37.0-rc1 @Mon Jul  6 16:22:25 2026
% start-coordinates: (-0.000307692,-4.33522e-06,0.0005) m -> [15,21,33]
% stop-coordinates: (-0.000307692,-1.16478e-05,0.0005) m -> [15,17,33]
% t/s	voltage
0	0
1.04140592777e-11	-8.64312538207e-10
2.08281185554e-11	1.88968410364e-09
3.12421778331e-11	9.38318756027e-09
4.16562371108e-11	2.44761482193e-08
5.20702963886e-11	4.82224482568e-08
6.24843556663e-11	7.56564668691e-08
7.2898414944e-11	8.9954619753e-08
8.33124742217e-11	5.79561731939e-08
9.37265334994e-11	-6.83146712532e-08
1.04140592777e-10	-3.36233224374e-07
1.14554652055e-10	-7.60341265504e-07
1.24968711333e-10	-1.27737786215e-06
1.3538277061e-10	-1.70721412474e-06
1.45796829888e-10	-1.75074663389e-06
1.56210889166e-10	-1.05583323773e-06
1.66624948443e-10	6.38561672872e-07
1.77039007721e-10	3.31303226631e-06
1.87453066999e-10	6.5137163574e-06
1.97867126277e-10	9.3370159675e-06
2.08281185554e-10	1.06273159872e-05
2.18695244832e-10	9.3733722224e-06
2.2910930411e-10	5.17486915896e-06
2.39523363387e-10	-1.4279531797e-06
2.49937422665e-10	-8.95490131825e-06
2.60351481943e-10	-1.5384560129e-05
2.7076554122e-10	-1.8834596176e-05
2.81179600498e-10	-1.82526382559e-05
2.91593659776e-10	-1.38182083447e-05
3.02007719054e-10	-6.87335466409e-06
3.12421778331e-10	5.85843309864e-07
3.22835837609e-10	6.62912975713e-06
3.33249896887e-10	1.00156087228e-05
3.43663956164e-10	1.0484775089e-05
3.54078015442e-10	8.65063111632e-06
3.6449207472e-10	5.6117838767e-06
3.74906133998e-10	2.485774246e-06
3.85320193275e-10	6.04268981519e-08
3.95734252553e-10	-1.34115913397e-06
4.06148311831e-10	-1.79670820444e-06
4.16562371108e-10	-1.6106685905e-06
4.26976430386e-10	-1.13145729586e-06
4.37390489664e-10	-6.28104508849e-07
4.47804548942e-10	-2.45595035864e-07
4.58218608219e-10	-2.0871685491e-08
4.68632667497e-10	7.39345882295e-08
4.79046726775e-10	8.87811069106e-08
4.89460786052e-10	6.82830787468e-08
4.9987484533e-10	4.08554177156e-08
5.10288904608e-10	1.93747884403e-08
5.20702963886e-10	6.63996435613e-09
5.31117023163e-10	7.67623395403e-10
5.41531082441e-10	-1.11203382613e-09
5.51945141719e-10	1.43724797688e-11
5.62359200996e-10	-4.95412142299e-13
5.72773260274e-10	1.41142759372e-11
5.83187319552e-10	-2.34377213817e-11
5.9360137883e-10	1.07700035955e-11
6.04015438107e-10	-3.84963301471e-13
6.14429497385e-10	-7.94648673036e-12
6.24843556663e-10	1.8934875369e-11
6.3525761594e-10	-1.72105797495e-12
6.45671675218e-10	-2.63069698404e-11
6.56085734496e-10	1.84472926301e-11
6.66499793773e-10	6.29057743395e-12
6.76913853051e-10	-1.27615587368e-11
6.87327912329e-10	-4.51406349366e-12
6.97741971607e-10	5.70737749596e-12
7.08156030884e-10	-2.43445679062e-12
7.18570090162e-10	-6.84002675463e-12
7.2898414944e-10	6.11188866444e-12
7.39398208717e-10	3.51809139004e-12
7.49812267995e-10	-7.16061086294e-12
7.60226327273e-10	2.90308304739e-12
7.70640386551e-10	-1.67954842742e-12
7.81054445828e-10	3.77713463805e-12
7.91468505106e-10	7.49975830137e-12
8.01882564384e-10	-7.37147896977e-12
8.12296623661e-10	-6.48694639671e-13
8.22710682939e-10	5.26309451208e-12
8.33124742217e-10	6.75716763359e-12
8.43538801495e-10	1.43865149828e-12
8.53952860772e-10	1.15312692121e-11
8.6436692005e-10	-2.35653122992e-12
8.74780979328e-10	-7.12141521968e-12
8.85195038605e-10	2.11082431915e-12
8.95609097883e-10	1.06944862579e-11
9.06023157161e-10	-8.52203149628e-12
9.16437216439e-10	2.47422118601e-12
9.26851275716e-10	-2.8510750618e-12
9.37265334994e-10	-1.36346847441e-11
9.47679394272e-10	1.34812423811e-11
9.58093453549e-10	-6.61686959565e-12
9.68507512827e-10	-5.03329073299e-12
9.78921572105e-10	9.61028500703e-12
9.89335631383e-10	1.73035197282e-11
9.9974969066e-10	-5.14756943668e-12
1.01016374994e-09	-7.29858789508e-12
1.02057780922e-09	-2.85191878793e-12
1.03099186849e-09	2.19962107339e-12
1.04140592777e-09	3.25069365956e-12
1.05181998705e-09	-3.83463313186e-12
1.06223404633e-09	6.85641937648e-12
1.0726481056e-09	-4.27401451904e-12
1.08306216488e-09	1.87723890252e-11
1.09347622416e-09	-2.25373766958e-12
1.10389028344e-09	-1.04234897623e-11
1.11430434272e-09	-8.84638472502e-12
1.12471840199e-09	-2.1408115081e-12
1.13513246127e-09	-2.01981056799e-12
1.14554652055e-09	3.79421749011e-12
1.15596057983e-09	3.64372160916e-12
1.1663746391e-09	1.76123427908e-12
1.17678869838e-09	-2.68452881452e-12
1.18720275766e-09	2.9962459922e-12
1.19761681694e-09	3.35338137467e-12
1.20803087621e-09	-6.28589855948e-12
1.21844493549e-09	-5.88281376737e-12
1.22885899477e-09	4.23818185408e-12
1.23927305405e-09	8.62223226844e-12
1.24968711333e-09	-5.29262853162e-12
1.2601011726e-09	-2.08868360975e-12
1.27051523188e-09	-8.9024924585e-13
1.28092929116e-09	1.29202312911e-13
1.29134335044e-09	6.1190112222e-12
1.30175740971e-09	-2.00681138374e-12
1.31217146899e-09	-3.25305516032e-12
1.32258552827e-09	2.93816284237e-12
1.33299958755e-09	4.24295624676e-12
1.34341364682e-09	6.37274846609e-13
1.3538277061e-09	3.99825680376e-13
1.36424176538e-09	-7.03521409965e-12
1.37465582466e-09	-1.35389757131e-12
1.38506988394e-09	-6.91128914081e-12
1.39548394321e-09	-1.82386278389e-12
1.40589800249e-09	8.75375710504e-12
1.41631206177e-09	-3.867471122e-13
1.42672612105e-09	6.42298714215e-12
1.43714018032e-09	-4.44952473304e-12
1.4475542396e-09	3.59822230605e-12
1.45796829888e-09	3.21269486708e-12
1.46838235816e-09	2.60571447232e-12
1.47879641743e-09	-2.69944938798e-12
1.48921047671e-09	-4.48152203281e-13
1.49962453599e-09	3.23411173601e-12
1.51003859527e-09	1.13417538165e-12
1.52045265455e-09	-1.12725868136e-11
1.53086671382e-09	1.14490415846e-12
1.5412807731e-09	-1.22438067714e-12
1.55169483238e-09	9.74793976007e-13
1.56210889166e-09	-1.2801574579e-12
1.57252295093e-09	-8.5245938997e-12
1.58293701021e-09	7.3079931863e-13
1.59335106949e-09	3.19984598714e-12
1.60376512877e-09	5.52198505021e-12
1.61417918805e-09	3.14456062101e-13
1.62459324732e-09	-3.10734099042e-12
1.6350073066e-09	1.80663882292e-12
1.64542136588e-09	2.09539633908e-12
1.65583542516e-09	1.25633374147e-12
1.66624948443e-09	6.09079713748e-12
1.67666354371e-09	-7.6971573104e-12
1.68707760299e-09	5.3682250702e-12
1.69749166227e-09	6.14577833069e-13
1.70790572154e-09	-5.50638722986e-12
1.71831978082e-09	7.58594033944e-13
1.7287338401e-09	3.03119367714e-12
1.73914789938e-09	-1.42948811967e-12
1.74956195866e-09	4.53705232021e-12
1.75997601793e-09	-1.75886399629e-12
1.77039007721e-09	8.81832801225e-13
1.78080413649e-09	-2.80634977062e-12
1.79121819577e-09	3.32429095644e-12
1.80163225504e-09	8.28987009246e-12
1.81204631432e-09	-5.17476534713e-12
1.8224603736e-09	2.45278428644e-12
1.83287443288e-09	4.11316727206e-12
1.84328849215e-09	-3.05912630297e-13
1.85370255143e-09	3.32477632665e-12
1.86411661071e-09	4.4589871075e-12
1.87453066999e-09	-1.71581867638e-12
1.88494472927e-09	-1.18886801445e-12
1.89535878854e-09	1.42776806003e-12
1.90577284782e-09	1.84547559526e-12
1.9161869071e-09	1.23010889669e-12
1.92660096638e-09	1.81344304536e-12
1.93701502565e-09	4.98158448086e-12
1.94742908493e-09	9.75800061413e-13
1.95784314421e-09	6.9949363142e-14
1.96825720349e-09	-1.06862205716e-11
1.97867126277e-09	-1.54167406922e-12
1.98908532204e-09	-6.85315438296e-12
1.99949938132e-09	-3.42882102919e-12
2.0099134406e-09	1.56606639549e-12
2.02032749988e-09	8.82307681777e-13
2.03074155915e-09	-2.12753425988e-13
2.04115561843e-09	-1.13462906605e-12
2.05156967771e-09	-3.24842095497e-13
2.06198373699e-09	8.77383018669e-14
2.07239779626e-09	-1.14541942554e-12
2.08281185554e-09	-1.33581947587e-13
2.09322591482e-09	-1.93942203876e-12
2.1036399741e-09	-3.80488262425e-12
2.11405403338e-09	1.87376373098e-13
2.12446809265e-09	-7.74796221105e-12
2.13488215193e-09	-2.48112240388e-13
2.14529621121e-09	4.11810472875e-12
2.15571027049e-09	1.11808489984e-12
2.16612432976e-09	3.85506188604e-12
2.17653838904e-09	-4.12231875154e-12
2.18695244832e-09	2.93975499326e-12
2.1973665076e-09	1.07411085234e-12
2.20778056687e-09	4.48956469874e-12
2.21819462615e-09	5.69891724957e-12
2.22860868543e-09	-4.80248024508e-12
2.23902274471e-09	1.51312068344e-12
2.24943680399e-09	1.79051321296e-12
2.25985086326e-09	6.99396839271e-12
2.27026492254e-09	1.12466142627e-12
2.28067898182e-09	1.57997117993e-12
2.2910930411e-09	-7.677550002e-14
2.30150710037e-09	-2.84514122331e-12
2.31192115965e-09	-3.54385596389e-12
2.32233521893e-09	9.52838719384e-13
2.33274927821e-09	-4.08112205055e-12
2.34316333748e-09	5.10406007823e-13
2.35357739676e-09	-5.96542108246e-12
2.36399145604e-09	-1.98813556763e-12
2.37440551532e-09	3.26034240838e-12
2.3848195746e-09	-4.58403237244e-12
2.39523363387e-09	-4.3069400585e-12
2.40564769315e-09	2.34046560344e-13
2.41606175243e-09	-1.8412081484e-12
2.42647581171e-09	-5.58995021495e-12
2.43688987098e-09	-1.5970058392e-12
2.44730393026e-09	-3.88132126265e-12
2.45771798954e-09	-4.99305143672e-12
2.46813204882e-09	2.29684771636e-12
2.4785461081e-09	-2.7201519032e-12
2.48896016737e-09	-1.30466232436e-12
2.49937422665e-09	5.68558622491e-12
2.50978828593e-09	1.71154697403e-12
2.52020234521e-09	-1.09408879526e-12
2.53061640448e-09	-4.77351123039e-12
2.54103046376e-09	-1.22827807902e-12
2.55144452304e-09	-1.59836527694e-11
2.56185858232e-09	1.75065387534e-12
2.57227264159e-09	1.25390230967e-12
2.58268670087e-09	6.69111142361e-13
2.59310076015e-09	7.52761568357e-13
2.60351481943e-09	4.54758518169e-13
2.61392887871e-09	1.12493651547e-12
2.62434293798e-09	1.77499104282e-12
2.63475699726e-09	-5.42641777866e-12
2.64517105654e-09	5.58559275221e-12
2.65558511582e-09	-7.73932133658e-12
2.66599917509e-09	-2.21849069063e-13
2.67641323437e-09	-2.0143572335e-12
2.68682729365e-09	2.60332602914e-12
2.69724135293e-09	1.57305245219e-12
2.7076554122e-09	-3.15368044179e-12
2.71806947148e-09	-1.21005766171e-12
2.72848353076e-09	3.57679294169e-12
2.73889759004e-09	1.97485474154e-12
2.74931164932e-09	-1.28803922823e-13
2.75972570859e-09	7.36890301382e-12
2.77013976787e-09	-4.35099547537e-14
2.78055382715e-09	8.66139300039e-13
2.79096788643e-09	-2.20950894299e-12
2.8013819457e-09	-7.34458674434e-12
2.81179600498e-09	-1.3984775794e-12
2.82221006426e-09	5.99278379742e-12
2.83262412354e-09	2.52977619321e-12
2.84303818282e-09	-2.34421130511e-12
2.85345224209e-09	-4.35873863044e-12
2.86386630137e-09	3.42286008564e-12
2.87428036065e-09	-1.05161169486e-11
2.88469441993e-09	3.00425146999e-12
2.8951084792e-09	-3.066875638e-13
2.90552253848e-09	-2.94475442566e-12
2.91593659776e-09	-5.21057372596e-12
2.92635065704e-09	-5.47841503065e-12
2.93676471631e-09	6.31813404492e-12
2.94717877559e-09	-5.97362621608e-12
2.95759283487e-09	1.24253989801e-12
2.96800689415e-09	1.52265667522e-12
2.97842095343e-09	2.69540444651e-12
2.9888350127e-09	6.38923679588e-12
2.99924907198e-09	-1.98450598402e-12
3.00966313126e-09	-1.9760696985e-12
3.02007719054e-09	8.34071649095e-12
3.03049124981e-09	-7.60880399485e-12
3.04090530909e-09	-1.37510158425e-12
3.05131936837e-09	1.18809188833e-12
3.06173342765e-09	-5.70047644071e-12
3.07214748692e-09	6.39410312891e-12
3.0825615462e-09	-1.85725171136e-12
3.09297560548e-09	4.24964035316e-12
3.10338966476e-09	-2.35029498034e-12
3.11380372404e-09	-2.845556798e-12
3.12421778331e-09	-1.48589755951e-12
3.13463184259e-09	-7.25478742835e-12
3.14504590187e-09	-5.59813480294e-13
3.15545996115e-09	-7.80779401636e-12
3.16587402042e-09	3.80658520113e-12
3.1762880797e-09	4.30160854853e-12
3.18670213898e-09	4.60410853052e-12
3.19711619826e-09	-5.10830012188e-13
3.20753025753e-09	-2.20522374233e-12
3.21794431681e-09	-2.62717256803e-12
3.22835837609e-09	1.70566000018e-12
3.23877243537e-09	-4.39028327581e-12
3.24918649465e-09	-3.31363159568e-12
3.25960055392e-09	1.8740308784e-12
3.2700146132e-09	-6.02567171507e-12
3.28042867248e-09	6.08480640548e-12
3.29084273176e-09	-4.20012917675e-12
3.30125679103e-09	9.98187535232e-13
3.31167085031e-09	-3.76831622547e-13
3.32208490959e-09	5.57990090765e-12
3.33249896887e-09	7.0419971937e-13
3.34291302815e-09	1.94128895359e-12
3.35332708742e-09	1.47758920984e-12
3.3637411467e-09	2.86818539839e-12
3.37415520598e-09	2.8033668865e-12
3.38456926526e-09	5.02439821519e-12
3.39498332453e-09	-2.29372185308e-12
3.40539738381e-09	7.75659701399e-13
3.41581144309e-09	-4.27913563958e-13
3.42622550237e-09	4.89587190233e-12
3.43663956164e-09	3.2725803404e-12
3.44705362092e-09	2.88797414802e-13
3.4574676802e-09	-1.1614645877e-13
3.46788173948e-09	1.85769878213e-12
3.47829579876e-09	-1.48154980038e-12
3.48870985803e-09	3.38745036795e-13
3.49912391731e-09	-7.49261763744e-13
3.50953797659e-09	-1.95814420451e-13
3.51995203587e-09	-5.17180731834e-12
3.53036609514e-09	5.52604565839e-13
3.54078015442e-09	-8.72669287093e-13
3.5511942137e-09	-2.62491265703e-12
3.56160827298e-09	7.57056716578e-13
3.57202233225e-09	-7.5776873925e-13
3.58243639153e-09	-2.43478251883e-13
3.59285045081e-09	-2.00305755056e-12
3.60326451009e-09	1.25518399927e-12
3.61367856937e-09	9.07818389689e-13
3.62409262864e-09	1.79852606332e-13
3.63450668792e-09	-1.18164586189e-11
3.6449207472e-09	3.53456977228e-12
3.65533480648e-09	-7.31092313425e-12
3.66574886575e-09	3.59448541353e-12
3.67616292503e-09	-3.9314493501e-13
3.68657698431e-09	-3.10156810174e-12
3.69699104359e-09	-5.32310740625e-13
3.70740510287e-09	-2.59352890726e-12
3.71781916214e-09	-2.99152640593e-12
3.72823322142e-09	-4.33195645154e-12
3.7386472807e-09	2.75072933181e-12
3.74906133998e-09	2.00239149806e-12
3.75947539925e-09	-4.32821533063e-12
3.76988945853e-09	-4.01556695881e-12
3.78030351781e-09	-1.18679989881e-12
3.79071757709e-09	-9.62645653295e-13
3.80113163636e-09	-5.87758032349e-13
3.81154569564e-09	8.38290754087e-12
3.82195975492e-09	2.9398978911e-12
3.8323738142e-09	-3.42125026226e-12
3.84278787348e-09	5.24219665073e-12
3.85320193275e-09	-5.11937280762e-13
3.86361599203e-09	2.05503376902e-12
3.87403005131e-09	8.73005904763e-13
3.88444411059e-09	-1.01976668212e-12
3.89485816986e-09	-3.80815322852e-12
3.90527222914e-09	-1.15275952846e-13
3.91568628842e-09	-1.45506306656e-12
3.9261003477e-09	2.2972678447e-12
3.93651440697e-09	2.13683451901e-12
3.94692846625e-09	7.51761120802e-13
3.95734252553e-09	4.73657002292e-12
3.96775658481e-09	-5.63802878082e-12
3.97817064409e-09	-5.12843500305e-12
3.98858470336e-09	-1.39229383231e-12
3.99899876264e-09	-4.26937646477e-12
4.00941282192e-09	1.15372457681e-12
4.0198268812e-09	-2.40540055864e-12
4.03024094047e-09	-1.19669720097e-12
4.04065499975e-09	3.10726284655e-12
4.05106905903e-09	-1.59188623654e-12
4.06148311831e-09	2.06363420276e-12
4.07189717758e-09	7.31243243854e-12
4.08231123686e-09	1.29974080543e-12
4.09272529614e-09	-4.90607240163e-12
4.10313935542e-09	-2.37408866437e-12
4.1135534147e-09	3.23720304035e-12
4.12396747397e-09	-1.08219975949e-12
4.13438153325e-09	-3.94617975449e-12
4.14479559253e-09	-3.94911436451e-12
4.15520965181e-09	2.92162572347e-12
4.16562371108e-09	3.10832360285e-12
4.17603777036e-09	6.87271897379e-12
4.18645182964e-09	2.87420938829e-12
4.19686588892e-09	-5.15534706938e-12
4.2072799482e-09	-9.17571736907e-13
4.21769400747e-09	7.80350935779e-13
4.22810806675e-09	-4.0802326795e-12
4.23852212603e-09	-9.18494609797e-14
4.24893618531e-09	1.68874045607e-12
4.25935024458e-09	-2.10632482593e-12
4.26976430386e-09	4.50785892989e-12
4.28017836314e-09	-4.41518523131e-12
4.29059242242e-09	-4.80144353096e-13
4.30100648169e-09	-7.52942326543e-12
4.31142054097e-09	-7.39446698317e-13
4.32183460025e-09	5.05251244488e-12
4.33224865953e-09	-4.69683325436e-12
4.34266271881e-09	-8.71591590134e-13
4.35307677808e-09	-1.54266627684e-13
4.36349083736e-09	6.88046841724e-13
4.37390489664e-09	-4.12262292446e-13
4.38431895592e-09	8.3159482989e-13
4.39473301519e-09	-1.84670269528e-12
4.40514707447e-09	4.35093461097e-12
4.41556113375e-09	4.47324588395e-12
4.42597519303e-09	1.86919652933e-13
4.4363892523e-09	-1.63052113044e-12
4.44680331158e-09	-4.20666116958e-12
4.45721737086e-09	-4.64312854657e-12
4.46763143014e-09	-1.44800724146e-12
4.47804548942e-09	-4.57176660353e-12
4.48845954869e-09	-9.01673484141e-14
4.49887360797e-09	2.36286039563e-12
4.50928766725e-09	-4.57659246871e-13
4.51970172653e-09	3.66868232841e-12
4.5301157858e-09	3.55485497809e-15
4.54052984508e-09	4.86059096075e-13
4.55094390436e-09	-3.69440957861e-12
4.56135796364e-09	6.2341952347e-12
4.57177202291e-09	1.1492584228e-12
4.58218608219e-09	1.29061415418e-12
4.59260014147e-09	-8.16024873541e-13
4.60301420075e-09	7.73268764558e-13
4.61342826003e-09	1.10441950724e-12
4.6238423193e-09	3.21924203874e-12
4.63425637858e-09	-2.38775405698e-12
4.64467043786e-09	-2.10706141933e-12
4.65508449714e-09	3.3445812851e-13
4.66549855641e-09	-2.66459358918e-12
4.67591261569e-09	-1.85045750424e-12
4.68632667497e-09	-9.57755738867e-13
4.69674073425e-09	-5.10768575872e-12
4.70715479353e-09	-6.15483076831e-12
4.7175688528e-09	-5.7704120887e-13
4.72798291208e-09	-2.55766420413e-12
4.73839697136e-09	-3.91256211457e-12
4.74881103064e-09	2.98517707407e-13
4.75922508991e-09	4.78962952199e-12
4.76963914919e-09	-2.6107548198e-12
4.78005320847e-09	-1.61476501658e-12
4.79046726775e-09	3.01142452446e-12
4.80088132702e-09	2.71466985176e-13
4.8112953863e-09	7.29284254514e-12
4.82170944558e-09	2.4504941804e-12
4.83212350486e-09	1.25260836859e-12
4.84253756414e-09	1.02159046739e-11
4.85295162341e-09	-9.09851924705e-12
4.86336568269e-09	9.77122598328e-13
4.87377974197e-09	-1.30572722773e-12
4.88419380125e-09	5.97668236516e-13
4.89460786052e-09	2.89311958179e-12
4.9050219198e-09	6.88851970257e-13
4.91543597908e-09	5.69155096317e-12
4.92585003836e-09	-3.16636230717e-12
4.93626409763e-09	-2.11411053594e-12
