% time-domain voltage integration by openEMS v0.37.0-rc1 @Mon Jul  6 16:22:25 2026
% start-coordinates: (-0.000307692,4.33522e-06,0.0005) m -> [15,27,33]
% stop-coordinates: (-0.000307692,1.16478e-05,0.0005) m -> [15,31,33]
% t/s	voltage
0	0
1.04140592777e-11	-8.64312732496e-10
2.08281185554e-11	1.88968393711e-09
3.12421778331e-11	9.38318744925e-09
4.16562371108e-11	2.44761468871e-08
5.20702963886e-11	4.8222444704e-08
6.24843556663e-11	7.56564579873e-08
7.2898414944e-11	8.99546321875e-08
8.33124742217e-11	5.79561554304e-08
9.37265334994e-11	-6.83146561542e-08
1.04140592777e-10	-3.36233238585e-07
1.14554652055e-10	-7.60341336559e-07
1.24968711333e-10	-1.27737811795e-06
1.3538277061e-10	-1.70721418158e-06
1.45796829888e-10	-1.75074666231e-06
1.56210889166e-10	-1.05583350773e-06
1.66624948443e-10	6.38561758137e-07
1.77039007721e-10	3.3130318684e-06
1.87453066999e-10	6.51371783533e-06
1.97867126277e-10	9.33701801387e-06
2.08281185554e-10	1.06273154188e-05
2.18695244832e-10	9.3733722224e-06
2.2910930411e-10	5.17486716944e-06
2.39523363387e-10	-1.42795525448e-06
2.49937422665e-10	-8.95490018138e-06
2.60351481943e-10	-1.53845596742e-05
2.7076554122e-10	-1.88345939023e-05
2.81179600498e-10	-1.82526405297e-05
2.91593659776e-10	-1.38181978855e-05
3.02007719054e-10	-6.87335682414e-06
3.12421778331e-10	5.8585529672e-07
3.22835837609e-10	6.62913441829e-06
3.33249896887e-10	1.00156098597e-05
3.43663956164e-10	1.04847784996e-05
3.54078015442e-10	8.65063680067e-06
3.6449207472e-10	5.61178092084e-06
3.74906133998e-10	2.48577450179e-06
3.85320193275e-10	6.04308567631e-08
3.95734252553e-10	-1.34116154982e-06
4.06148311831e-10	-1.79670283273e-06
4.16562371108e-10	-1.61066404303e-06
4.26976430386e-10	-1.13144048441e-06
4.37390489664e-10	-6.28103890676e-07
4.47804548942e-10	-2.45591714076e-07
4.58218608219e-10	-2.08666479651e-08
4.68632667497e-10	7.3929593114e-08
4.79046726775e-10	8.87826576701e-08
4.89460786052e-10	6.82714844658e-08
4.9987484533e-10	4.0852662142e-08
5.10288904608e-10	1.93818550098e-08
5.20702963886e-10	6.64848687215e-09
5.31117023163e-10	7.6961249873e-10
5.41531082441e-10	-1.11024285598e-09
5.51945141719e-10	1.54484466669e-11
5.62359200996e-10	2.83803904856e-12
5.72773260274e-10	9.57210602014e-12
5.83187319552e-10	-2.36796949236e-11
5.9360137883e-10	-4.05455291737e-12
6.04015438107e-10	7.45430876314e-12
6.14429497385e-10	-1.22944968279e-11
6.24843556663e-10	8.65998977173e-12
6.3525761594e-10	-7.01663466912e-12
6.45671675218e-10	-1.45011439922e-11
6.56085734496e-10	1.3757470857e-11
6.66499793773e-10	2.42965261625e-12
6.76913853051e-10	-1.67632594004e-11
6.87327912329e-10	-8.31915742891e-12
6.97741971607e-10	1.73877938957e-11
7.08156030884e-10	-7.74298268731e-13
7.18570090162e-10	-6.90256434909e-12
7.2898414944e-10	8.99161246761e-12
7.39398208717e-10	1.37694597478e-12
7.49812267995e-10	-3.54543450804e-12
7.60226327273e-10	-1.62839268979e-11
7.70640386551e-10	3.16407978377e-12
7.81054445828e-10	6.59034502318e-12
7.91468505106e-10	2.47495383562e-12
8.01882564384e-10	-1.74272410738e-11
8.12296623661e-10	-2.38145676681e-12
8.22710682939e-10	3.99933943384e-12
8.33124742217e-10	1.01180153665e-12
8.43538801495e-10	5.1062704412e-12
8.53952860772e-10	7.43692238868e-12
8.6436692005e-10	-3.4051429211e-14
8.74780979328e-10	-1.29942356788e-12
8.85195038605e-10	6.14287808988e-12
8.95609097883e-10	9.80509987439e-12
9.06023157161e-10	-1.8785136207e-13
9.16437216439e-10	7.23959997853e-12
9.26851275716e-10	-2.38841758871e-12
9.37265334994e-10	-7.3846270353e-12
9.47679394272e-10	5.09316959267e-12
9.58093453549e-10	-1.34117900162e-11
9.68507512827e-10	-1.02196593202e-12
9.78921572105e-10	5.91340241747e-12
9.89335631383e-10	1.53084054493e-11
9.9974969066e-10	-1.0860988324e-11
1.01016374994e-09	-1.42248644504e-11
1.02057780922e-09	-2.67537207665e-12
1.03099186849e-09	9.18923921331e-12
1.04140592777e-09	1.57377453083e-12
1.05181998705e-09	-8.11278057537e-12
1.06223404633e-09	-2.87545500106e-12
1.0726481056e-09	-7.52576126417e-12
1.08306216488e-09	2.39752037667e-11
1.09347622416e-09	-1.06395032758e-11
1.10389028344e-09	-4.66762135128e-12
1.11430434272e-09	5.33647887165e-13
1.12471840199e-09	-2.19755455695e-12
1.13513246127e-09	-2.38578612161e-12
1.14554652055e-09	4.54713935776e-12
1.15596057983e-09	4.31309778474e-12
1.1663746391e-09	-3.71357396331e-12
1.17678869838e-09	3.9236030874e-12
1.18720275766e-09	9.04951330885e-12
1.19761681694e-09	-3.49047849543e-12
1.20803087621e-09	-8.51552579536e-12
1.21844493549e-09	-6.28728796456e-12
1.22885899477e-09	7.34454923094e-12
1.23927305405e-09	-5.90126705098e-12
1.24968711333e-09	-6.52500666345e-12
1.2601011726e-09	-8.80471802238e-12
1.27051523188e-09	2.91664148345e-12
1.28092929116e-09	2.70229520184e-12
1.29134335044e-09	3.90838381624e-12
1.30175740971e-09	2.73365076235e-12
1.31217146899e-09	-2.71099006958e-12
1.32258552827e-09	-6.30295230071e-12
1.33299958755e-09	1.81966562044e-12
1.34341364682e-09	1.23934050956e-11
1.3538277061e-09	-4.95720398595e-12
1.36424176538e-09	-3.59674117746e-12
1.37465582466e-09	-2.05672198023e-12
1.38506988394e-09	-5.88480631412e-12
1.39548394321e-09	3.29464466776e-12
1.40589800249e-09	7.80146021569e-12
1.41631206177e-09	-1.98166819326e-12
1.42672612105e-09	6.85302468527e-12
1.43714018032e-09	-1.50958520857e-12
1.4475542396e-09	4.24599374757e-12
1.45796829888e-09	-5.10387587228e-12
1.46838235816e-09	7.21654620827e-12
1.47879641743e-09	-8.1541496103e-12
1.48921047671e-09	-2.55907036013e-12
1.49962453599e-09	3.47985420861e-12
1.51003859527e-09	3.56160630502e-12
1.52045265455e-09	-1.06654346813e-11
1.53086671382e-09	-1.5927413468e-12
1.5412807731e-09	4.54222228406e-12
1.55169483238e-09	1.97185285678e-12
1.56210889166e-09	1.19725995611e-12
1.57252295093e-09	-3.80523260471e-12
1.58293701021e-09	2.93433181399e-12
1.59335106949e-09	4.7300750556e-12
1.60376512877e-09	1.24742349696e-12
1.61417918805e-09	-2.66956904716e-12
1.62459324732e-09	-8.08011844282e-12
1.6350073066e-09	2.73755844382e-13
1.64542136588e-09	1.88578281679e-12
1.65583542516e-09	4.97055597636e-12
1.66624948443e-09	1.72362466097e-12
1.67666354371e-09	-2.97238823182e-12
1.68707760299e-09	-2.23243266321e-12
1.69749166227e-09	-7.36982306779e-13
1.70790572154e-09	-1.73091410454e-12
1.71831978082e-09	-1.99785327171e-12
1.7287338401e-09	7.088769567e-12
1.73914789938e-09	-3.73960010094e-12
1.74956195866e-09	-3.64208880069e-13
1.75997601793e-09	4.11950963793e-13
1.77039007721e-09	-1.43869660109e-12
1.78080413649e-09	-2.94815609642e-12
1.79121819577e-09	5.78537050081e-12
1.80163225504e-09	7.791248007e-12
1.81204631432e-09	-8.68306359973e-12
1.8224603736e-09	1.70090000027e-12
1.83287443288e-09	-5.95907698187e-12
1.84328849215e-09	1.95166330471e-12
1.85370255143e-09	6.97053563958e-12
1.86411661071e-09	1.446378824e-12
1.87453066999e-09	-4.25975005052e-12
1.88494472927e-09	2.25258353637e-12
1.89535878854e-09	3.31446111876e-12
1.90577284782e-09	-1.97961135331e-12
1.9161869071e-09	2.86918796014e-12
1.92660096638e-09	5.22823033781e-12
1.93701502565e-09	-1.39155614115e-12
1.94742908493e-09	4.29877162512e-13
1.95784314421e-09	7.33705262344e-12
1.96825720349e-09	-4.69288171691e-12
1.97867126277e-09	7.86299736259e-13
1.98908532204e-09	-6.61048147645e-12
1.99949938132e-09	-2.53386390646e-12
2.0099134406e-09	-2.11546307815e-12
2.02032749988e-09	8.59369276044e-12
2.03074155915e-09	6.03788313834e-12
2.04115561843e-09	-7.6522930245e-12
2.05156967771e-09	3.55912456625e-12
2.06198373699e-09	7.62008295005e-13
2.07239779626e-09	4.21784314289e-12
2.08281185554e-09	-6.81076928796e-12
2.09322591482e-09	1.50465582919e-12
2.1036399741e-09	-3.04565650044e-12
2.11405403338e-09	-9.01974675505e-13
2.12446809265e-09	-2.49432852845e-12
2.13488215193e-09	-2.29394574083e-12
2.14529621121e-09	1.68268567483e-12
2.15571027049e-09	-2.95034862426e-12
2.16612432976e-09	2.65270910706e-12
2.17653838904e-09	4.99223383986e-13
2.18695244832e-09	-2.68501366973e-12
2.1973665076e-09	-3.36852995584e-12
2.20778056687e-09	-3.24810837948e-12
2.21819462615e-09	7.79704230867e-12
2.22860868543e-09	-2.92257483405e-12
2.23902274471e-09	-4.46017918779e-12
2.24943680399e-09	6.69713405826e-12
2.25985086326e-09	1.08673191973e-11
2.27026492254e-09	1.15821360749e-12
2.28067898182e-09	3.1054719885e-12
2.2910930411e-09	-1.23083967606e-12
2.30150710037e-09	2.01604079026e-12
2.31192115965e-09	1.44060327903e-12
2.32233521893e-09	1.1951555739e-12
2.33274927821e-09	-4.12941545107e-13
2.34316333748e-09	-1.47369377985e-12
2.35357739676e-09	2.17913653702e-12
2.36399145604e-09	-2.8316184304e-12
2.37440551532e-09	-2.36724631867e-12
2.3848195746e-09	-2.47810767132e-12
2.39523363387e-09	1.3583013837e-12
2.40564769315e-09	9.54881356277e-13
2.41606175243e-09	7.03067150939e-12
2.42647581171e-09	-8.8499915946e-13
2.43688987098e-09	-2.78294320097e-12
2.44730393026e-09	-4.38283892686e-12
2.45771798954e-09	-5.0444719067e-12
2.46813204882e-09	3.10439196051e-12
2.4785461081e-09	1.76474947936e-12
2.48896016737e-09	1.04893551527e-12
2.49937422665e-09	-3.3376697673e-12
2.50978828593e-09	2.72879383477e-12
2.52020234521e-09	-1.3471645674e-14
2.53061640448e-09	2.10055378039e-12
2.54103046376e-09	-5.47184400655e-12
2.55144452304e-09	-1.28501057451e-11
2.56185858232e-09	4.36594141916e-12
2.57227264159e-09	2.7988037235e-12
2.58268670087e-09	1.03878415743e-11
2.59310076015e-09	-7.18619066163e-12
2.60351481943e-09	-5.43025523094e-12
2.61392887871e-09	1.57390604456e-12
2.62434293798e-09	4.70915141734e-12
2.63475699726e-09	2.49759783168e-12
2.64517105654e-09	2.47009563411e-12
2.65558511582e-09	-9.32382751735e-12
2.66599917509e-09	1.94789583768e-12
2.67641323437e-09	-3.07381160455e-12
2.68682729365e-09	-6.88891652056e-13
2.69724135293e-09	-3.85273779026e-12
2.7076554122e-09	-6.29781838658e-12
2.71806947148e-09	-1.62469766373e-12
2.72848353076e-09	2.41897051435e-12
2.73889759004e-09	-1.98392414693e-12
2.74931164932e-09	4.38800254812e-12
2.75972570859e-09	2.56178975602e-12
2.77013976787e-09	4.75934477375e-12
2.78055382715e-09	2.60422705536e-12
2.79096788643e-09	-1.47145945602e-12
2.8013819457e-09	-2.73858030437e-12
2.81179600498e-09	-2.17276836714e-12
2.82221006426e-09	8.64430575731e-12
2.83262412354e-09	-3.90654712355e-14
2.84303818282e-09	3.42669962501e-12
2.85345224209e-09	1.90354134365e-12
2.86386630137e-09	1.56572535969e-12
2.87428036065e-09	-4.49199932893e-12
2.88469441993e-09	-2.91766860238e-12
2.8951084792e-09	2.30180411949e-12
2.90552253848e-09	2.00615999507e-13
2.91593659776e-09	-6.41305866918e-12
2.92635065704e-09	2.88113601715e-13
2.93676471631e-09	2.61837578529e-12
2.94717877559e-09	1.78478951995e-12
2.95759283487e-09	-3.92219102249e-12
2.96800689415e-09	-8.16163683946e-12
2.97842095343e-09	4.17184017366e-12
2.9888350127e-09	-7.47588297691e-12
2.99924907198e-09	3.06519638501e-12
3.00966313126e-09	1.44828810403e-13
3.02007719054e-09	4.8761791588e-12
3.03049124981e-09	-4.23432588905e-12
3.04090530909e-09	-1.66638797487e-12
3.05131936837e-09	-1.26439744091e-12
3.06173342765e-09	-3.00422284705e-12
3.07214748692e-09	-3.79689113266e-12
3.0825615462e-09	1.22132458227e-12
3.09297560548e-09	5.24677599544e-12
3.10338966476e-09	-6.17363956181e-12
3.11380372404e-09	-4.52335982256e-12
3.12421778331e-09	-4.21059302876e-12
3.13463184259e-09	-5.13134012278e-12
3.14504590187e-09	1.4621962495e-12
3.15545996115e-09	-4.6997358262e-12
3.16587402042e-09	-1.65983760482e-12
3.1762880797e-09	-5.36975737313e-13
3.18670213898e-09	1.39506407728e-12
3.19711619826e-09	7.940528931e-13
3.20753025753e-09	1.74456033387e-12
3.21794431681e-09	-5.73478547636e-13
3.22835837609e-09	6.38425282692e-12
3.23877243537e-09	2.62441663453e-12
3.24918649465e-09	4.68291421266e-13
3.25960055392e-09	1.76285418554e-13
3.2700146132e-09	-3.9738843184e-12
3.28042867248e-09	7.24817341563e-12
3.29084273176e-09	-4.53453073701e-12
3.30125679103e-09	6.74094677647e-13
3.31167085031e-09	-1.34994381125e-12
3.32208490959e-09	2.61875276238e-12
3.33249896887e-09	1.92715648669e-12
3.34291302815e-09	1.44781620503e-12
3.35332708742e-09	-4.41160996623e-12
3.3637411467e-09	5.38997069633e-12
3.37415520598e-09	-3.78232343991e-12
3.38456926526e-09	4.71863075956e-12
3.39498332453e-09	1.32072292284e-12
3.40539738381e-09	6.03153844144e-12
3.41581144309e-09	-1.96593154082e-12
3.42622550237e-09	2.09895002854e-12
3.43663956164e-09	-1.08552549545e-12
3.44705362092e-09	4.01566681383e-12
3.4574676802e-09	8.33912637294e-13
3.46788173948e-09	2.38036977282e-12
3.47829579876e-09	-1.07285618649e-12
3.48870985803e-09	5.48122528268e-12
3.49912391731e-09	1.84690587476e-12
3.50953797659e-09	-3.3658097468e-12
3.51995203587e-09	-1.33080948605e-12
3.53036609514e-09	-1.86823495042e-12
3.54078015442e-09	-3.38600892794e-12
3.5511942137e-09	-2.42862164841e-12
3.56160827298e-09	1.27734430563e-12
3.57202233225e-09	-1.46419340411e-12
3.58243639153e-09	-1.1404903172e-12
3.59285045081e-09	3.98236131571e-13
3.60326451009e-09	2.07411456174e-12
3.61367856937e-09	-9.77418992097e-13
3.62409262864e-09	-6.38766307643e-12
3.63450668792e-09	-1.26300736362e-11
3.6449207472e-09	1.05011420566e-12
3.65533480648e-09	3.93061578836e-12
3.66574886575e-09	3.07982599927e-12
3.67616292503e-09	7.41684491601e-13
3.68657698431e-09	3.13881070386e-12
3.69699104359e-09	2.34127230407e-12
3.70740510287e-09	7.14374195107e-12
3.71781916214e-09	-1.24213790295e-12
3.72823322142e-09	2.25944501824e-12
3.7386472807e-09	1.63758438233e-13
3.74906133998e-09	-1.49994339865e-12
3.75947539925e-09	5.22780972158e-12
3.76988945853e-09	-2.33011011744e-12
3.78030351781e-09	7.5448622366e-12
3.79071757709e-09	4.53672516221e-12
3.80113163636e-09	5.50631976538e-12
3.81154569564e-09	-1.60722005366e-12
3.82195975492e-09	3.42968362044e-12
3.8323738142e-09	-3.95599498255e-12
3.84278787348e-09	-6.93331546689e-12
3.85320193275e-09	1.35367194884e-12
3.86361599203e-09	1.76402729229e-12
3.87403005131e-09	-8.52989933461e-13
3.88444411059e-09	-2.16239352813e-13
3.89485816986e-09	7.78934967742e-13
3.90527222914e-09	3.6246996073e-12
3.91568628842e-09	4.57050239669e-12
3.9261003477e-09	3.45068949543e-12
3.93651440697e-09	-2.92314523281e-12
3.94692846625e-09	-3.46944977088e-12
3.95734252553e-09	6.03086591083e-12
3.96775658481e-09	1.34110550356e-12
3.97817064409e-09	-1.14071859597e-12
3.98858470336e-09	-3.64593294791e-12
3.99899876264e-09	1.24493308457e-12
4.00941282192e-09	6.3871389731e-12
4.0198268812e-09	5.60226019221e-13
4.03024094047e-09	-5.54960049269e-12
4.04065499975e-09	3.73307775751e-12
4.05106905903e-09	-5.62598253574e-13
4.06148311831e-09	-1.65342891288e-13
4.07189717758e-09	-3.3957173011e-12
4.08231123686e-09	-4.06028195007e-12
4.09272529614e-09	-2.37519883319e-12
4.10313935542e-09	-3.27653691939e-12
4.1135534147e-09	3.95015012995e-12
4.12396747397e-09	-4.95453125141e-12
4.13438153325e-09	7.88167057661e-13
4.14479559253e-09	-1.1015051718e-12
4.15520965181e-09	8.51561876569e-13
4.16562371108e-09	2.06550195784e-12
4.17603777036e-09	2.11029224694e-12
4.18645182964e-09	3.92533640141e-12
4.19686588892e-09	-3.54363836452e-13
4.2072799482e-09	1.89586199387e-12
4.21769400747e-09	-6.11181943814e-12
4.22810806675e-09	5.07235520134e-12
4.23852212603e-09	-2.99221845218e-12
4.24893618531e-09	1.29218955414e-13
4.25935024458e-09	-8.75637507381e-13
4.26976430386e-09	-1.66587501172e-12
4.28017836314e-09	6.53323380638e-12
4.29059242242e-09	1.36644992196e-12
4.30100648169e-09	4.20921995447e-12
4.31142054097e-09	6.4337526192e-12
4.32183460025e-09	1.0301842658e-12
4.33224865953e-09	2.63946622805e-12
4.34266271881e-09	-1.74610022621e-12
4.35307677808e-09	-9.88200515341e-13
4.36349083736e-09	2.25371154031e-12
4.37390489664e-09	-4.87996199439e-13
4.38431895592e-09	1.22116325298e-12
4.39473301519e-09	-4.38655158746e-12
4.40514707447e-09	-1.16526645104e-12
4.41556113375e-09	4.12552262317e-12
4.42597519303e-09	-1.09347443209e-12
4.4363892523e-09	1.67675660682e-12
4.44680331158e-09	2.84525427849e-12
4.45721737086e-09	1.79752046581e-14
4.46763143014e-09	-8.07024531837e-13
4.47804548942e-09	6.54074234011e-13
4.48845954869e-09	1.12514142968e-12
4.49887360797e-09	8.17476999721e-13
4.50928766725e-09	-4.30928567569e-13
4.51970172653e-09	1.4270310736e-12
4.5301157858e-09	-1.57851796955e-12
4.54052984508e-09	2.87887790863e-12
4.55094390436e-09	-4.2536658874e-12
4.56135796364e-09	2.23323041917e-12
4.57177202291e-09	2.86935124776e-12
4.58218608219e-09	-7.41148028366e-13
4.59260014147e-09	-3.83294334856e-12
4.60301420075e-09	-1.63255693686e-12
4.61342826003e-09	2.42707638926e-12
4.6238423193e-09	-8.74888811571e-13
4.63425637858e-09	-9.4789117961e-13
4.64467043786e-09	-1.55942988557e-12
4.65508449714e-09	-2.5024925437e-12
4.66549855641e-09	4.2963159072e-13
4.67591261569e-09	4.50775744856e-12
4.68632667497e-09	3.57531940252e-12
4.69674073425e-09	-2.44554631537e-12
4.70715479353e-09	1.16197101854e-12
4.7175688528e-09	3.62235979059e-12
4.72798291208e-09	5.87052758835e-13
4.73839697136e-09	-1.57236951324e-12
4.74881103064e-09	4.24069573944e-12
4.75922508991e-09	3.14975969569e-12
4.76963914919e-09	-1.83822033116e-12
4.78005320847e-09	3.94968498012e-12
4.79046726775e-09	2.15885404171e-12
4.80088132702e-09	5.22755786141e-12
4.8112953863e-09	-3.65266757812e-12
4.82170944558e-09	-1.28637703788e-12
4.83212350486e-09	1.06689651688e-12
4.84253756414e-09	3.89181742388e-12
4.85295162341e-09	-2.06442588718e-12
4.86336568269e-09	-1.79093187763e-12
4.87377974197e-09	2.06041200811e-12
4.88419380125e-09	7.25044134973e-12
4.89460786052e-09	2.05199003405e-12
4.9050219198e-09	5.68952317984e-12
4.91543597908e-09	-4.34451118744e-12
4.92585003836e-09	-8.03597965081e-13
4.93626409763e-09	-3.15234329525e-13
