% time-domain voltage integration by openEMS v0.37.0-rc1 @Mon Jul  6 16:22:25 2026
% start-coordinates: (-0.000269231,-4.33522e-06,0.0005) m -> [16,21,33]
% stop-coordinates: (-0.000269231,-1.16478e-05,0.0005) m -> [16,17,33]
% t/s	voltage
0	0
1.04140592777e-11	-8.56110821124e-10
2.08281185554e-11	1.7349583159e-09
3.12421778331e-11	9.0257841201e-09
4.16562371108e-11	2.38650073037e-08
5.20702963886e-11	4.73729109274e-08
6.24843556663e-11	7.48839452669e-08
7.2898414944e-11	9.00432191031e-08
8.33124742217e-11	6.01237557518e-08
9.37265334994e-11	-6.24121057058e-08
1.04140592777e-10	-3.25411011914e-07
1.14554652055e-10	-7.45071773167e-07
1.24968711333e-10	-1.26128981037e-06
1.3538277061e-10	-1.69786014226e-06
1.45796829888e-10	-1.75882254894e-06
1.56210889166e-10	-1.09193460673e-06
1.66624948443e-10	5.69554835295e-07
1.77039007721e-10	3.21782823676e-06
1.87453066999e-10	6.41376493604e-06
1.97867126277e-10	9.26601273932e-06
2.08281185554e-10	1.06216311906e-05
2.18695244832e-10	9.45760541526e-06
2.2910930411e-10	5.34824067699e-06
2.39523363387e-10	-1.19776352392e-06
2.49937422665e-10	-8.72543000696e-06
2.60351481943e-10	-1.52208344844e-05
2.7076554122e-10	-1.87858902336e-05
2.81179600498e-10	-1.83340209787e-05
2.91593659776e-10	-1.40046540764e-05
3.02007719054e-10	-7.10936228643e-06
3.12421778331e-10	3.65546611647e-07
3.22835837609e-10	6.4769014898e-06
3.33249896887e-10	9.95569155293e-06
3.43663956164e-10	1.0510425227e-05
3.54078015442e-10	8.73274052537e-06
3.6449207472e-10	5.7134062672e-06
3.74906133998e-10	2.57571645079e-06
3.85320193275e-10	1.21039235523e-07
3.95734252553e-10	-1.31308394202e-06
4.06148311831e-10	-1.79421422786e-06
4.16562371108e-10	-1.6227174342e-06
4.26976430386e-10	-1.14793510875e-06
4.37390489664e-10	-6.42437655074e-07
4.47804548942e-10	-2.55090135681e-07
4.58218608219e-10	-2.56491854422e-08
4.68632667497e-10	7.24658297813e-08
4.79046726775e-10	8.90582594337e-08
4.89460786052e-10	6.91252335372e-08
4.9987484533e-10	4.16423380223e-08
5.10288904608e-10	1.99131584555e-08
5.20702963886e-10	6.92203050434e-09
5.31117023163e-10	8.74701019948e-10
5.41531082441e-10	-1.08211260785e-09
5.51945141719e-10	2.98774676874e-11
5.62359200996e-10	-2.3463186255e-11
5.72773260274e-10	-7.0330429848e-12
5.83187319552e-10	-1.59236462991e-11
5.9360137883e-10	-1.4492976372e-11
6.04015438107e-10	2.49467590682e-12
6.14429497385e-10	9.44236442507e-13
6.24843556663e-10	7.1309347858e-12
6.3525761594e-10	-6.41585292923e-12
6.45671675218e-10	-1.17109497013e-11
6.56085734496e-10	-8.81903165946e-13
6.66499793773e-10	-4.57068465107e-12
6.76913853051e-10	7.14160393149e-12
6.87327912329e-10	-5.79297406485e-12
6.97741971607e-10	-1.08750389336e-11
7.08156030884e-10	4.61948047089e-12
7.18570090162e-10	-1.14728255311e-11
7.2898414944e-10	-5.75494388472e-12
7.39398208717e-10	1.03195143403e-12
7.49812267995e-10	-5.29376542602e-12
7.60226327273e-10	7.97377008172e-12
7.70640386551e-10	-6.86401326402e-12
7.81054445828e-10	1.16445937094e-12
7.91468505106e-10	-3.13918715241e-12
8.01882564384e-10	-1.59314445317e-12
8.12296623661e-10	1.13193235167e-11
8.22710682939e-10	-1.54485443535e-11
8.33124742217e-10	3.61525306219e-12
8.43538801495e-10	3.34895913084e-12
8.53952860772e-10	-6.64848016051e-12
8.6436692005e-10	-3.5310256238e-12
8.74780979328e-10	3.88701603456e-12
8.85195038605e-10	-1.03143635126e-11
8.95609097883e-10	7.85351829142e-12
9.06023157161e-10	5.46948402368e-12
9.16437216439e-10	-4.52921787531e-12
9.26851275716e-10	8.00026267022e-12
9.37265334994e-10	1.29606713274e-11
9.47679394272e-10	2.5116119037e-12
9.58093453549e-10	2.92028987797e-12
9.68507512827e-10	7.3633422493e-12
9.78921572105e-10	5.86096492519e-13
9.89335631383e-10	1.45118769432e-12
9.9974969066e-10	3.95580887925e-12
1.01016374994e-09	1.97014772118e-11
1.02057780922e-09	-1.03617483517e-12
1.03099186849e-09	1.9317363464e-12
1.04140592777e-09	-1.74861752682e-13
1.05181998705e-09	7.81845042267e-12
1.06223404633e-09	1.69758413056e-13
1.0726481056e-09	-3.17677741751e-14
1.08306216488e-09	-1.3187611593e-11
1.09347622416e-09	1.00429308966e-11
1.10389028344e-09	8.28201022303e-12
1.11430434272e-09	-1.77877417656e-12
1.12471840199e-09	3.22162088673e-12
1.13513246127e-09	4.32130785148e-12
1.14554652055e-09	8.23722329495e-14
1.15596057983e-09	-4.42554955356e-12
1.1663746391e-09	1.12035292068e-11
1.17678869838e-09	2.32062427e-12
1.18720275766e-09	-5.11790501471e-12
1.19761681694e-09	-2.89877692163e-12
1.20803087621e-09	-4.18415811981e-12
1.21844493549e-09	-5.77799489027e-12
1.22885899477e-09	-4.67483658121e-12
1.23927305405e-09	-6.77682465266e-12
1.24968711333e-09	-3.29273858613e-12
1.2601011726e-09	5.57590714052e-12
1.27051523188e-09	4.1550790586e-13
1.28092929116e-09	5.77740524692e-12
1.29134335044e-09	-4.49286896749e-12
1.30175740971e-09	6.49454296765e-12
1.31217146899e-09	6.1112856312e-12
1.32258552827e-09	-5.82691230336e-13
1.33299958755e-09	-3.58394737499e-12
1.34341364682e-09	-1.0733913541e-11
1.3538277061e-09	2.96894648623e-12
1.36424176538e-09	6.92264138808e-12
1.37465582466e-09	1.71076618583e-12
1.38506988394e-09	-6.06170235534e-12
1.39548394321e-09	2.48512582041e-13
1.40589800249e-09	-3.12577025895e-12
1.41631206177e-09	5.8231982604e-12
1.42672612105e-09	2.59208106368e-12
1.43714018032e-09	-6.28374088874e-12
1.4475542396e-09	1.72405573975e-12
1.45796829888e-09	-3.7559697106e-12
1.46838235816e-09	4.05938954326e-13
1.47879641743e-09	-5.41455443849e-13
1.48921047671e-09	5.54446224175e-12
1.49962453599e-09	-2.77128032978e-12
1.51003859527e-09	-1.32890877122e-13
1.52045265455e-09	4.45333695051e-12
1.53086671382e-09	1.82795337027e-12
1.5412807731e-09	6.83589773329e-12
1.55169483238e-09	3.78785110916e-13
1.56210889166e-09	9.33128140729e-12
1.57252295093e-09	7.38898005281e-12
1.58293701021e-09	-4.76851305838e-13
1.59335106949e-09	-6.25931717482e-12
1.60376512877e-09	2.85194762771e-12
1.61417918805e-09	-1.93824177628e-12
1.62459324732e-09	6.47741756066e-12
1.6350073066e-09	5.87021880757e-12
1.64542136588e-09	-2.06832250979e-12
1.65583542516e-09	8.65742807304e-13
1.66624948443e-09	2.40076242306e-12
1.67666354371e-09	-5.04656326493e-12
1.68707760299e-09	2.23272032915e-12
1.69749166227e-09	2.99855951701e-12
1.70790572154e-09	-7.09297421145e-13
1.71831978082e-09	-3.46846856791e-12
1.7287338401e-09	-6.77544847484e-12
1.73914789938e-09	6.73862224701e-12
1.74956195866e-09	-1.41378185201e-12
1.75997601793e-09	5.47404374433e-12
1.77039007721e-09	4.8524988281e-12
1.78080413649e-09	-5.41832225788e-12
1.79121819577e-09	2.50278026385e-12
1.80163225504e-09	-6.11312682332e-12
1.81204631432e-09	6.42475780693e-12
1.8224603736e-09	4.70611700651e-12
1.83287443288e-09	-5.38426757606e-12
1.84328849215e-09	-3.80485172449e-12
1.85370255143e-09	-9.07819782889e-12
1.86411661071e-09	-6.71414963557e-14
1.87453066999e-09	-1.89996277175e-12
1.88494472927e-09	4.11170338228e-12
1.89535878854e-09	1.994031188e-12
1.90577284782e-09	-3.87202851162e-12
1.9161869071e-09	-2.51633203207e-12
1.92660096638e-09	-2.92695360136e-12
1.93701502565e-09	-2.43126265648e-13
1.94742908493e-09	-7.71839927041e-12
1.95784314421e-09	-2.0961762057e-12
1.96825720349e-09	1.69385967926e-12
1.97867126277e-09	1.49091044957e-12
1.98908532204e-09	3.66384201624e-12
1.99949938132e-09	-3.87110916239e-13
2.0099134406e-09	-3.68239195647e-12
2.02032749988e-09	-8.60230463251e-12
2.03074155915e-09	2.57501442044e-12
2.04115561843e-09	-4.28110238232e-14
2.05156967771e-09	2.53352525591e-12
2.06198373699e-09	-6.48442085617e-12
2.07239779626e-09	7.85376538109e-13
2.08281185554e-09	1.82708812272e-12
2.09322591482e-09	-4.51013358604e-13
2.1036399741e-09	3.0743148912e-13
2.11405403338e-09	-4.67780577728e-12
2.12446809265e-09	1.02087692141e-11
2.13488215193e-09	-9.13923125546e-13
2.14529621121e-09	-1.72694779484e-12
2.15571027049e-09	-2.54732172855e-12
2.16612432976e-09	-6.86929256966e-12
2.17653838904e-09	6.57918424601e-12
2.18695244832e-09	8.97724169308e-13
2.1973665076e-09	-2.39518783496e-12
2.20778056687e-09	-2.53039668212e-12
2.21819462615e-09	-5.26894738777e-12
2.22860868543e-09	2.0822796612e-12
2.23902274471e-09	-4.96473218439e-12
2.24943680399e-09	5.77846380771e-12
2.25985086326e-09	-5.13373588432e-12
2.27026492254e-09	3.26458836093e-12
2.28067898182e-09	-5.26601180197e-12
2.2910930411e-09	5.23580430314e-12
2.30150710037e-09	4.80341076159e-12
2.31192115965e-09	2.6252589512e-13
2.32233521893e-09	-1.70257623104e-12
2.33274927821e-09	5.06796105868e-12
2.34316333748e-09	3.73371971361e-12
2.35357739676e-09	-4.78869033186e-12
2.36399145604e-09	1.2295437021e-12
2.37440551532e-09	-8.8999178036e-12
2.3848195746e-09	-7.40568630725e-14
2.39523363387e-09	8.05474610621e-13
2.40564769315e-09	-3.2411079029e-12
2.41606175243e-09	-6.50663550816e-13
2.42647581171e-09	3.10331382987e-12
2.43688987098e-09	7.50280209055e-13
2.44730393026e-09	4.72169493174e-12
2.45771798954e-09	-3.05237269922e-12
2.46813204882e-09	-1.59805545533e-12
2.4785461081e-09	3.30461786407e-13
2.48896016737e-09	2.37084961038e-12
2.49937422665e-09	2.01205458544e-12
2.50978828593e-09	-5.9881599462e-12
2.52020234521e-09	7.93603941243e-12
2.53061640448e-09	-2.05915297834e-12
2.54103046376e-09	2.53401629107e-12
2.55144452304e-09	1.02830907851e-11
2.56185858232e-09	-5.37147193044e-12
2.57227264159e-09	8.81899588079e-13
2.58268670087e-09	-3.69191171233e-12
2.59310076015e-09	5.27306366974e-12
2.60351481943e-09	5.23941502163e-12
2.61392887871e-09	-4.67509603079e-13
2.62434293798e-09	-8.09305769102e-12
2.63475699726e-09	-4.49137916528e-12
2.64517105654e-09	-2.88525583633e-12
2.65558511582e-09	2.10803781115e-12
2.66599917509e-09	-7.22228212565e-13
2.67641323437e-09	1.52966398229e-12
2.68682729365e-09	7.66976694828e-12
2.69724135293e-09	3.88615138333e-13
2.7076554122e-09	1.09905997064e-11
2.71806947148e-09	-1.94355274062e-13
2.72848353076e-09	6.23984479538e-13
2.73889759004e-09	-2.14593100234e-13
2.74931164932e-09	1.53192139963e-12
2.75972570859e-09	-3.77828194079e-13
2.77013976787e-09	-5.38601357524e-12
2.78055382715e-09	-4.42885658702e-12
2.79096788643e-09	-3.2983183784e-12
2.8013819457e-09	5.81559193163e-12
2.81179600498e-09	-2.45599417539e-12
2.82221006426e-09	-9.88000913721e-15
2.83262412354e-09	-2.72206514057e-12
2.84303818282e-09	2.34486207036e-12
2.85345224209e-09	-1.59925848606e-12
2.86386630137e-09	4.14698386308e-12
2.87428036065e-09	2.91843892802e-12
2.88469441993e-09	-4.25923741263e-12
2.8951084792e-09	-1.11977668891e-12
2.90552253848e-09	1.07163616089e-12
2.91593659776e-09	5.29545016777e-12
2.92635065704e-09	1.62822012817e-12
2.93676471631e-09	1.09180378497e-12
2.94717877559e-09	1.58094743622e-12
2.95759283487e-09	-8.76108322174e-13
2.96800689415e-09	-1.6923036323e-12
2.97842095343e-09	2.0669255695e-12
2.9888350127e-09	4.20472033927e-14
2.99924907198e-09	-5.4668617723e-13
3.00966313126e-09	-5.20622824365e-13
3.02007719054e-09	3.44240613662e-12
3.03049124981e-09	1.78460675057e-12
3.04090530909e-09	8.13555234465e-12
3.05131936837e-09	-3.98317565996e-12
3.06173342765e-09	3.88079271409e-12
3.07214748692e-09	-1.24126848123e-12
3.0825615462e-09	2.28065602428e-12
3.09297560548e-09	3.61470835902e-12
3.10338966476e-09	3.23293833111e-12
3.11380372404e-09	8.42943867919e-12
3.12421778331e-09	1.56489014455e-12
3.13463184259e-09	4.27229670912e-12
3.14504590187e-09	3.26142480806e-12
3.15545996115e-09	4.28888500235e-12
3.16587402042e-09	5.30214218884e-12
3.1762880797e-09	1.36563655349e-12
3.18670213898e-09	-1.78522751052e-12
3.19711619826e-09	6.24029040247e-13
3.20753025753e-09	5.54599318943e-12
3.21794431681e-09	1.43872370614e-12
3.22835837609e-09	6.18699037315e-12
3.23877243537e-09	8.21086747855e-12
3.24918649465e-09	3.34010683695e-12
3.25960055392e-09	2.07689150166e-12
3.2700146132e-09	2.22293906373e-12
3.28042867248e-09	-1.60210961251e-12
3.29084273176e-09	-8.06423206207e-12
3.30125679103e-09	7.63056306509e-12
3.31167085031e-09	-1.69922756421e-12
3.32208490959e-09	-3.53842389417e-14
3.33249896887e-09	-5.05386921548e-12
3.34291302815e-09	-2.7515990788e-12
3.35332708742e-09	-1.74930371837e-12
3.3637411467e-09	-3.32334333664e-12
3.37415520598e-09	-7.18209909947e-12
3.38456926526e-09	-3.74571066438e-12
3.39498332453e-09	1.86542838468e-13
3.40539738381e-09	1.60114976833e-12
3.41581144309e-09	2.06486835009e-12
3.42622550237e-09	1.23052089351e-12
3.43663956164e-09	1.74414150657e-12
3.44705362092e-09	-5.10647513857e-13
3.4574676802e-09	-6.78190685034e-13
3.46788173948e-09	-4.96278007838e-12
3.47829579876e-09	4.21578451402e-12
3.48870985803e-09	5.61048988301e-12
3.49912391731e-09	2.67203902234e-12
3.50953797659e-09	8.11673536542e-13
3.51995203587e-09	-6.40357667066e-13
3.53036609514e-09	-4.15256327588e-12
3.54078015442e-09	3.06597358179e-12
3.5511942137e-09	3.43378320569e-13
3.56160827298e-09	7.00315467509e-12
3.57202233225e-09	8.83283572152e-12
3.58243639153e-09	-2.47752718948e-13
3.59285045081e-09	1.19114592322e-12
3.60326451009e-09	-3.1921813283e-12
3.61367856937e-09	-1.95354924728e-12
3.62409262864e-09	-2.25971053935e-12
3.63450668792e-09	6.30138519489e-13
3.6449207472e-09	-5.81469442908e-12
3.65533480648e-09	8.39938795599e-13
3.66574886575e-09	3.03644956401e-12
3.67616292503e-09	-1.23572023924e-12
3.68657698431e-09	1.39211098161e-12
3.69699104359e-09	-5.65727261044e-12
3.70740510287e-09	6.97218107901e-12
3.71781916214e-09	4.87779326479e-12
3.72823322142e-09	-2.56828217547e-12
3.7386472807e-09	6.13838455977e-12
3.74906133998e-09	-1.73562298431e-12
3.75947539925e-09	3.54356409667e-13
3.76988945853e-09	3.47953480265e-12
3.78030351781e-09	-3.41757438321e-13
3.79071757709e-09	4.4099092867e-12
3.80113163636e-09	2.08940392657e-12
3.81154569564e-09	-3.02906354513e-12
3.82195975492e-09	1.37942668356e-12
3.8323738142e-09	2.67212272274e-12
3.84278787348e-09	4.55087996367e-12
3.85320193275e-09	-5.1342774433e-12
3.86361599203e-09	-1.29684891298e-12
3.87403005131e-09	2.06833253866e-12
3.88444411059e-09	-6.28964003276e-13
3.89485816986e-09	1.62782786382e-12
3.90527222914e-09	-4.75019540846e-12
3.91568628842e-09	2.94633208889e-12
3.9261003477e-09	-9.66254528646e-13
3.93651440697e-09	-6.78075401817e-12
3.94692846625e-09	-6.73162307147e-12
3.95734252553e-09	1.92330266297e-12
3.96775658481e-09	5.63601571554e-12
3.97817064409e-09	-1.08315049638e-14
3.98858470336e-09	6.06074679376e-13
3.99899876264e-09	6.44288832355e-12
4.00941282192e-09	3.13405876771e-13
4.0198268812e-09	-4.94719228691e-12
4.03024094047e-09	1.3271046588e-13
4.04065499975e-09	-6.84154252348e-12
4.05106905903e-09	-3.48066031292e-12
4.06148311831e-09	3.86209900866e-12
4.07189717758e-09	-2.19660907844e-12
4.08231123686e-09	-1.79735967862e-12
4.09272529614e-09	6.44582445145e-12
4.10313935542e-09	-9.3396731321e-13
4.1135534147e-09	-1.36386767765e-12
4.12396747397e-09	-2.18120205057e-12
4.13438153325e-09	5.88355698796e-13
4.14479559253e-09	5.77097571119e-12
4.15520965181e-09	-6.7614659531e-12
4.16562371108e-09	6.1257699217e-13
4.17603777036e-09	-7.83728637543e-12
4.18645182964e-09	1.09819414847e-11
4.19686588892e-09	-3.75922443131e-12
4.2072799482e-09	-3.69078682547e-15
4.21769400747e-09	9.18185883228e-13
4.22810806675e-09	2.38300167359e-12
4.23852212603e-09	8.44265965732e-12
4.24893618531e-09	-1.61044029674e-13
4.25935024458e-09	1.8891624376e-12
4.26976430386e-09	-2.35516012075e-12
4.28017836314e-09	-6.93737168406e-13
4.29059242242e-09	-5.07033629492e-12
4.30100648169e-09	-1.07698192812e-13
4.31142054097e-09	-4.77046711595e-12
4.32183460025e-09	1.78069868963e-12
4.33224865953e-09	-1.79439915617e-12
4.34266271881e-09	-3.40986066423e-12
4.35307677808e-09	-3.38917034628e-12
4.36349083736e-09	-2.3469403504e-12
4.37390489664e-09	4.13638475685e-12
4.38431895592e-09	-4.67982239332e-12
4.39473301519e-09	-1.65034349034e-12
4.40514707447e-09	-9.60278514692e-13
4.41556113375e-09	-9.44750191707e-13
4.42597519303e-09	-8.37941044676e-13
4.4363892523e-09	2.81437850455e-13
4.44680331158e-09	3.02329970954e-12
4.45721737086e-09	4.33577284319e-12
4.46763143014e-09	2.41718689335e-12
4.47804548942e-09	-2.69208299316e-12
4.48845954869e-09	1.06588175786e-12
4.49887360797e-09	-2.60658096669e-12
4.50928766725e-09	-4.94810095675e-12
4.51970172653e-09	-2.70176112385e-12
4.5301157858e-09	-3.76703876426e-13
4.54052984508e-09	-1.72295776821e-12
4.55094390436e-09	-3.20885462299e-12
4.56135796364e-09	-1.30638360372e-12
4.57177202291e-09	1.12699498171e-12
4.58218608219e-09	6.59333698749e-13
4.59260014147e-09	-1.07964852336e-15
4.60301420075e-09	-6.71695338239e-12
4.61342826003e-09	5.65744066178e-13
4.6238423193e-09	-8.31238371321e-13
4.63425637858e-09	3.07127863723e-12
4.64467043786e-09	2.32288472311e-12
4.65508449714e-09	-4.18538250932e-13
4.66549855641e-09	-1.22809228065e-12
4.67591261569e-09	9.82394450077e-13
4.68632667497e-09	2.45428796643e-12
4.69674073425e-09	2.26460603742e-12
4.70715479353e-09	7.68287777148e-12
4.7175688528e-09	1.56930675052e-13
4.72798291208e-09	5.57389936073e-13
4.73839697136e-09	-4.12367156481e-12
4.74881103064e-09	-4.24699660747e-12
4.75922508991e-09	-1.0004193654e-13
4.76963914919e-09	-5.29608475131e-13
4.78005320847e-09	-3.57080885043e-12
4.79046726775e-09	-2.71886462996e-14
4.80088132702e-09	7.83251339221e-13
4.8112953863e-09	-1.76722221926e-12
4.82170944558e-09	-3.83369757381e-12
4.83212350486e-09	-2.44736528135e-12
4.84253756414e-09	-1.24780762979e-12
4.85295162341e-09	3.69719543609e-12
4.86336568269e-09	4.57539876212e-12
4.87377974197e-09	-2.68750614211e-12
4.88419380125e-09	2.33932448065e-12
4.89460786052e-09	-3.75166911426e-12
4.9050219198e-09	-5.33743839057e-13
4.91543597908e-09	-1.26085643662e-12
4.92585003836e-09	5.31078935169e-12
4.93626409763e-09	1.0210681042e-12
