% time-domain voltage integration by openEMS v0.37.0-rc1 @Mon Jul  6 16:22:25 2026
% start-coordinates: (-0.000346154,4.33522e-06,0.0005) m -> [14,27,33]
% stop-coordinates: (-0.000346154,1.16478e-05,0.0005) m -> [14,31,33]
% t/s	voltage
0	0
1.04140592777e-11	-7.91839135927e-10
2.08281185554e-11	2.03421171574e-09
3.12421778331e-11	9.70883773377e-09
4.16562371108e-11	2.50953697822e-08
5.20702963886e-11	4.90919225271e-08
6.24843556663e-11	7.64505747597e-08
7.2898414944e-11	8.98974708008e-08
8.33124742217e-11	5.56979271593e-08
9.37265334994e-11	-7.43614778642e-08
1.04140592777e-10	-3.47216627006e-07
1.14554652055e-10	-7.7572295254e-07
1.24968711333e-10	-1.29343005995e-06
1.3538277061e-10	-1.71620897049e-06
1.45796829888e-10	-1.74190142843e-06
1.56210889166e-10	-1.0187266497e-06
1.66624948443e-10	7.0854125056e-07
1.77039007721e-10	3.40882451155e-06
1.87453066999e-10	6.6133513883e-06
1.97867126277e-10	9.40649965742e-06
2.08281185554e-10	1.06304530618e-05
2.18695244832e-10	9.28614281293e-06
2.2910930411e-10	4.99905354445e-06
2.39523363387e-10	-1.65914136119e-06
2.49937422665e-10	-9.18329510569e-06
2.60351481943e-10	-1.55453503794e-05
2.7076554122e-10	-1.88792182598e-05
2.81179600498e-10	-1.81673578936e-05
2.91593659776e-10	-1.36292442221e-05
3.02007719054e-10	-6.63683499624e-06
3.12421778331e-10	8.04724948011e-07
3.22835837609e-10	6.77870002619e-06
3.33249896887e-10	1.0072620853e-05
3.43663956164e-10	1.04568335928e-05
3.54078015442e-10	8.56732526699e-06
3.6449207472e-10	5.51008190541e-06
3.74906133998e-10	2.39658825762e-06
3.85320193275e-10	8.54688916863e-10
3.95734252553e-10	-1.36829147834e-06
4.06148311831e-10	-1.79854299631e-06
4.16562371108e-10	-1.59832694635e-06
4.26976430386e-10	-1.11499093691e-06
4.37390489664e-10	-6.13891380397e-07
4.47804548942e-10	-2.36249363184e-07
4.58218608219e-10	-1.62192657083e-08
4.68632667497e-10	7.53021058841e-08
4.79046726775e-10	8.84712285654e-08
4.89460786052e-10	6.74103359799e-08
4.9987484533e-10	4.00421771296e-08
5.10288904608e-10	1.88662556688e-08
5.20702963886e-10	6.37865715802e-09
5.31117023163e-10	6.69974228873e-10
5.41531082441e-10	-1.13377987554e-09
5.51945141719e-10	-2.78833464564e-11
5.62359200996e-10	-2.95445117481e-11
5.72773260274e-10	7.58791253029e-12
5.83187319552e-10	2.78445032873e-11
5.9360137883e-10	1.18554479927e-11
6.04015438107e-10	-3.2662903415e-12
6.14429497385e-10	9.00954018421e-12
6.24843556663e-10	7.95610322415e-14
6.3525761594e-10	1.00149063305e-11
6.45671675218e-10	3.41573084921e-11
6.56085734496e-10	-1.65270338105e-11
6.66499793773e-10	-8.3870649141e-13
6.76913853051e-10	4.99547278543e-12
6.87327912329e-10	-1.19705981239e-12
6.97741971607e-10	-1.8899695719e-13
7.08156030884e-10	-4.6683148883e-12
7.18570090162e-10	-1.75468146957e-12
7.2898414944e-10	-2.40972823293e-13
7.39398208717e-10	1.84317527603e-11
7.49812267995e-10	5.08544888058e-12
7.60226327273e-10	-6.65822415648e-12
7.70640386551e-10	1.38837076601e-11
7.81054445828e-10	-2.70803236606e-12
7.91468505106e-10	-8.48179133265e-12
8.01882564384e-10	1.21340578644e-11
8.12296623661e-10	-1.074292196e-11
8.22710682939e-10	6.58551923931e-12
8.33124742217e-10	-1.0233737577e-11
8.43538801495e-10	-2.65427071056e-12
8.53952860772e-10	3.28638592034e-13
8.6436692005e-10	1.12212994972e-12
8.74780979328e-10	8.06857098495e-12
8.85195038605e-10	3.9270251005e-12
8.95609097883e-10	-1.49246567795e-11
9.06023157161e-10	-7.78176676743e-13
9.16437216439e-10	6.73287467445e-12
9.26851275716e-10	-3.67712587809e-13
9.37265334994e-10	-9.59432945417e-13
9.47679394272e-10	-5.41794365448e-12
9.58093453549e-10	4.97496011401e-12
9.68507512827e-10	-2.55145069569e-12
9.78921572105e-10	-2.70198707158e-12
9.89335631383e-10	-1.29778223622e-11
9.9974969066e-10	3.80067006513e-12
1.01016374994e-09	-3.79612709539e-12
1.02057780922e-09	-8.78764183816e-13
1.03099186849e-09	-7.83127420334e-12
1.04140592777e-09	-2.82629971401e-12
1.05181998705e-09	4.21450851648e-12
1.06223404633e-09	7.84813951023e-12
1.0726481056e-09	-8.18532568114e-12
1.08306216488e-09	-5.56440180391e-12
1.09347622416e-09	5.76694150333e-12
1.10389028344e-09	-8.55736770507e-12
1.11430434272e-09	2.36097556436e-12
1.12471840199e-09	5.39318578945e-12
1.13513246127e-09	-1.11538369686e-11
1.14554652055e-09	8.19415141209e-12
1.15596057983e-09	-3.55860203501e-12
1.1663746391e-09	1.48184719703e-12
1.17678869838e-09	-2.62026446547e-12
1.18720275766e-09	-8.31380862591e-13
1.19761681694e-09	-1.41519109799e-12
1.20803087621e-09	5.77017752156e-12
1.21844493549e-09	2.77348500069e-12
1.22885899477e-09	4.38801447435e-13
1.23927305405e-09	3.88615680434e-13
1.24968711333e-09	9.6566260847e-12
1.2601011726e-09	9.55397349775e-12
1.27051523188e-09	2.61870465091e-12
1.28092929116e-09	3.72855891127e-12
1.29134335044e-09	-3.41158777118e-12
1.30175740971e-09	-4.27120470069e-12
1.31217146899e-09	2.25518816946e-12
1.32258552827e-09	5.22767809943e-13
1.33299958755e-09	7.34777581661e-13
1.34341364682e-09	-3.780235646e-12
1.3538277061e-09	1.64512309415e-12
1.36424176538e-09	5.71835092299e-12
1.37465582466e-09	-6.4542699527e-12
1.38506988394e-09	-1.20125307271e-12
1.39548394321e-09	-5.25058295453e-12
1.40589800249e-09	-2.20308829773e-12
1.41631206177e-09	3.28126013773e-12
1.42672612105e-09	-1.6931581354e-11
1.43714018032e-09	3.34373392689e-12
1.4475542396e-09	-1.37379213908e-12
1.45796829888e-09	3.01995982475e-12
1.46838235816e-09	-1.62505881147e-12
1.47879641743e-09	3.3280146217e-12
1.48921047671e-09	-3.47907098096e-12
1.49962453599e-09	-7.7500517939e-12
1.51003859527e-09	1.8062086115e-12
1.52045265455e-09	1.21152838196e-12
1.53086671382e-09	7.0526765851e-12
1.5412807731e-09	-4.7850020387e-12
1.55169483238e-09	8.2092487105e-13
1.56210889166e-09	-6.18539328914e-12
1.57252295093e-09	-4.64882906476e-13
1.58293701021e-09	1.94016699408e-12
1.59335106949e-09	-5.13335337779e-12
1.60376512877e-09	-4.09448966702e-12
1.61417918805e-09	-5.08138182139e-12
1.62459324732e-09	5.12761881566e-12
1.6350073066e-09	3.92921264102e-12
1.64542136588e-09	1.89909549132e-12
1.65583542516e-09	-1.4646510865e-12
1.66624948443e-09	-3.90496337523e-12
1.67666354371e-09	5.91848770513e-12
1.68707760299e-09	-3.47169596673e-12
1.69749166227e-09	-2.80438199789e-12
1.70790572154e-09	3.35934698028e-12
1.71831978082e-09	-2.88581257415e-12
1.7287338401e-09	-1.21837815444e-12
1.73914789938e-09	-7.23017349116e-13
1.74956195866e-09	3.51295164833e-13
1.75997601793e-09	3.41987289182e-13
1.77039007721e-09	3.37099247713e-12
1.78080413649e-09	-5.39907094727e-13
1.79121819577e-09	4.34033440699e-12
1.80163225504e-09	-8.61410042689e-12
1.81204631432e-09	-4.05377836334e-12
1.8224603736e-09	2.35405716188e-13
1.83287443288e-09	-1.16566045011e-13
1.84328849215e-09	7.25486532828e-12
1.85370255143e-09	-1.95179864024e-12
1.86411661071e-09	9.55725732929e-13
1.87453066999e-09	-1.30217191197e-12
1.88494472927e-09	8.46497866377e-13
1.89535878854e-09	-3.54070310397e-12
1.90577284782e-09	-2.29713492152e-13
1.9161869071e-09	-6.88737212878e-12
1.92660096638e-09	-8.8608608298e-12
1.93701502565e-09	-2.86539065045e-12
1.94742908493e-09	-2.40114829061e-12
1.95784314421e-09	-1.75351226595e-12
1.96825720349e-09	8.59992985028e-12
1.97867126277e-09	1.22173657909e-12
1.98908532204e-09	5.58813130318e-12
1.99949938132e-09	-6.82330320717e-12
2.0099134406e-09	-4.71058765996e-12
2.02032749988e-09	-5.23788044188e-13
2.03074155915e-09	2.53489571456e-12
2.04115561843e-09	-2.68710455362e-12
2.05156967771e-09	-6.10559237717e-13
2.06198373699e-09	-1.82128455112e-13
2.07239779626e-09	6.89798825698e-12
2.08281185554e-09	9.02012758106e-13
2.09322591482e-09	-3.55226948117e-12
2.1036399741e-09	4.59448787609e-12
2.11405403338e-09	3.06545414053e-12
2.12446809265e-09	5.51126657332e-12
2.13488215193e-09	-2.35637160825e-12
2.14529621121e-09	-6.13124026376e-13
2.15571027049e-09	-5.24834174601e-12
2.16612432976e-09	4.50290260808e-12
2.17653838904e-09	-1.31323245464e-12
2.18695244832e-09	3.92801660339e-12
2.1973665076e-09	2.78483833216e-12
2.20778056687e-09	2.97345785147e-12
2.21819462615e-09	-4.22158401986e-12
2.22860868543e-09	3.12120555096e-13
2.23902274471e-09	6.64790749847e-12
2.24943680399e-09	3.38653557237e-13
2.25985086326e-09	-3.92658139076e-12
2.27026492254e-09	-1.6399652903e-12
2.28067898182e-09	-1.16793488943e-12
2.2910930411e-09	-5.38637630863e-12
2.30150710037e-09	-2.89899571362e-12
2.31192115965e-09	6.54044499766e-13
2.32233521893e-09	7.5514898154e-13
2.33274927821e-09	-4.86561328337e-12
2.34316333748e-09	-2.89558752409e-12
2.35357739676e-09	-1.95713020443e-13
2.36399145604e-09	2.71231233545e-12
2.37440551532e-09	3.74703981493e-12
2.3848195746e-09	-4.75889076409e-13
2.39523363387e-09	5.97552823195e-13
2.40564769315e-09	-1.75514268917e-12
2.41606175243e-09	-4.88772650825e-13
2.42647581171e-09	3.01201994119e-12
2.43688987098e-09	3.96404670156e-12
2.44730393026e-09	2.14517965023e-13
2.45771798954e-09	2.92124149577e-12
2.46813204882e-09	9.08064855948e-13
2.4785461081e-09	-4.36029847211e-13
2.48896016737e-09	1.76665604888e-12
2.49937422665e-09	-7.08695439573e-12
2.50978828593e-09	-4.9242632541e-12
2.52020234521e-09	-1.73938012431e-14
2.53061640448e-09	-2.20815726815e-12
2.54103046376e-09	1.69976944846e-12
2.55144452304e-09	1.31442155473e-11
2.56185858232e-09	-1.29235814758e-14
2.57227264159e-09	7.15270418307e-12
2.58268670087e-09	-2.30582664507e-12
2.59310076015e-09	2.21511611137e-12
2.60351481943e-09	3.51941539063e-12
2.61392887871e-09	-5.80440697676e-12
2.62434293798e-09	-4.94419945523e-12
2.63475699726e-09	1.98987029111e-12
2.64517105654e-09	5.83221079938e-12
2.65558511582e-09	5.57575513538e-12
2.66599917509e-09	6.06249143768e-12
2.67641323437e-09	4.70056795137e-12
2.68682729365e-09	9.26627622289e-12
2.69724135293e-09	3.08403151107e-13
2.7076554122e-09	6.22381490692e-12
2.71806947148e-09	-2.57510462606e-12
2.72848353076e-09	-6.74547928365e-13
2.73889759004e-09	-5.581754026e-12
2.74931164932e-09	-4.86566527087e-12
2.75972570859e-09	-1.75181342956e-12
2.77013976787e-09	2.49831470615e-12
2.78055382715e-09	-4.97128634916e-12
2.79096788643e-09	4.7174849205e-12
2.8013819457e-09	-1.01407147653e-12
2.81179600498e-09	5.78634883064e-12
2.82221006426e-09	-1.5072723885e-12
2.83262412354e-09	2.68790854374e-12
2.84303818282e-09	-1.1645859651e-12
2.85345224209e-09	-1.56887003389e-12
2.86386630137e-09	-8.51366329865e-12
2.87428036065e-09	4.30628509197e-12
2.88469441993e-09	-3.95628571136e-12
2.8951084792e-09	6.73870518848e-12
2.90552253848e-09	3.95410050189e-12
2.91593659776e-09	-2.39472287486e-12
2.92635065704e-09	-5.09145243327e-12
2.93676471631e-09	-1.39485070629e-12
2.94717877559e-09	-2.26224616297e-12
2.95759283487e-09	2.13676277193e-12
2.96800689415e-09	-2.49231733342e-12
2.97842095343e-09	-1.89388465305e-12
2.9888350127e-09	1.22689326146e-12
2.99924907198e-09	-8.91907858333e-13
3.00966313126e-09	1.62410449672e-13
3.02007719054e-09	-1.20468440995e-12
3.03049124981e-09	2.52207369572e-12
3.04090530909e-09	-4.04630560828e-12
3.05131936837e-09	-1.03089710162e-12
3.06173342765e-09	-1.83812296981e-12
3.07214748692e-09	-9.26375729599e-13
3.0825615462e-09	-2.35856438004e-12
3.09297560548e-09	-9.86281504601e-12
3.10338966476e-09	-6.04694412761e-12
3.11380372404e-09	-5.03598356592e-12
3.12421778331e-09	5.75006107182e-12
3.13463184259e-09	4.65368276683e-12
3.14504590187e-09	3.6012135182e-12
3.15545996115e-09	-2.19211931593e-12
3.16587402042e-09	-6.27961658367e-13
3.1762880797e-09	-7.64682663978e-12
3.18670213898e-09	3.03786398706e-12
3.19711619826e-09	-1.51382199961e-12
3.20753025753e-09	1.74147773025e-12
3.21794431681e-09	7.6338306336e-13
3.22835837609e-09	-7.7312467409e-12
3.23877243537e-09	5.973807061e-13
3.24918649465e-09	-5.78151112055e-12
3.25960055392e-09	3.07550989884e-12
3.2700146132e-09	3.89244523115e-12
3.28042867248e-09	-2.56951193179e-12
3.29084273176e-09	2.14083210794e-12
3.30125679103e-09	3.94515621343e-12
3.31167085031e-09	4.44452439262e-12
3.32208490959e-09	2.77241673629e-12
3.33249896887e-09	-2.99388211976e-12
3.34291302815e-09	3.42382545926e-12
3.35332708742e-09	5.54127368448e-13
3.3637411467e-09	2.20483557085e-12
3.37415520598e-09	-2.01664043537e-12
3.38456926526e-09	7.53416318049e-13
3.39498332453e-09	-1.27522558485e-13
3.40539738381e-09	-1.93515250482e-12
3.41581144309e-09	-3.56247887093e-12
3.42622550237e-09	-1.5982676879e-12
3.43663956164e-09	-4.78799541247e-12
3.44705362092e-09	1.34618358127e-12
3.4574676802e-09	8.84811971955e-13
3.46788173948e-09	-3.39076770134e-12
3.47829579876e-09	4.64309293053e-12
3.48870985803e-09	-1.94666201561e-12
3.49912391731e-09	-6.13142891494e-14
3.50953797659e-09	-2.57143739353e-12
3.51995203587e-09	-1.52758564804e-12
3.53036609514e-09	3.71339718415e-12
3.54078015442e-09	1.60295301338e-12
3.5511942137e-09	-8.06994716277e-13
3.56160827298e-09	-1.74167093508e-12
3.57202233225e-09	3.61291506152e-12
3.58243639153e-09	3.61363049943e-12
3.59285045081e-09	-2.06914753343e-12
3.60326451009e-09	-4.72001262944e-12
3.61367856937e-09	-2.22342245526e-13
3.62409262864e-09	3.35500290743e-12
3.63450668792e-09	5.66695076824e-12
3.6449207472e-09	-2.53473251503e-12
3.65533480648e-09	7.58415118901e-12
3.66574886575e-09	-1.42347949834e-12
3.67616292503e-09	-1.78230168254e-12
3.68657698431e-09	-2.35592117646e-13
3.69699104359e-09	2.36161426786e-12
3.70740510287e-09	-3.35577117309e-12
3.71781916214e-09	-2.66829706117e-12
3.72823322142e-09	1.24127986535e-12
3.7386472807e-09	-1.16404845832e-12
3.74906133998e-09	9.73297505959e-13
3.75947539925e-09	-2.44205719015e-12
3.76988945853e-09	4.88931285866e-12
3.78030351781e-09	2.41232814974e-14
3.79071757709e-09	-2.00503974318e-12
3.80113163636e-09	-7.4156334285e-12
3.81154569564e-09	-9.66144482126e-14
3.82195975492e-09	-1.40058038951e-12
3.8323738142e-09	-5.42418556902e-12
3.84278787348e-09	5.49326946778e-12
3.85320193275e-09	-2.59554736644e-12
3.86361599203e-09	4.13327418082e-12
3.87403005131e-09	-1.8788954767e-12
3.88444411059e-09	-5.1271487056e-14
3.89485816986e-09	1.33165126062e-12
3.90527222914e-09	2.7133363373e-12
3.91568628842e-09	-2.17307693107e-12
3.9261003477e-09	-4.35861836532e-12
3.93651440697e-09	1.83184608975e-12
3.94692846625e-09	-4.91085029087e-12
3.95734252553e-09	6.77055495544e-12
3.96775658481e-09	7.79132428063e-13
3.97817064409e-09	2.77724880853e-12
3.98858470336e-09	6.54972717772e-12
3.99899876264e-09	-2.77037778568e-12
4.00941282192e-09	1.45421771413e-12
4.0198268812e-09	-8.17117532491e-13
4.03024094047e-09	-2.01637323375e-12
4.04065499975e-09	-5.94843727227e-13
4.05106905903e-09	9.08871177104e-13
4.06148311831e-09	6.03347633085e-13
4.07189717758e-09	1.38971928583e-12
4.08231123686e-09	-2.87325501933e-12
4.09272529614e-09	3.7625884396e-12
4.10313935542e-09	6.15502841837e-12
4.1135534147e-09	-1.19309526451e-12
4.12396747397e-09	3.30649880577e-12
4.13438153325e-09	2.31896901855e-12
4.14479559253e-09	7.36955532406e-12
4.15520965181e-09	-2.38093529267e-12
4.16562371108e-09	-4.78391957125e-13
4.17603777036e-09	-5.89523037591e-12
4.18645182964e-09	1.13793929791e-12
4.19686588892e-09	-4.43396166137e-12
4.2072799482e-09	-8.62832591833e-13
4.21769400747e-09	-2.7457837436e-13
4.22810806675e-09	7.08840104668e-13
4.23852212603e-09	1.7597698472e-12
4.24893618531e-09	-3.52486887335e-12
4.25935024458e-09	1.63340933661e-12
4.26976430386e-09	9.56267617175e-13
4.28017836314e-09	-3.59906895953e-12
4.29059242242e-09	2.24713401099e-12
4.30100648169e-09	3.4222967613e-13
4.31142054097e-09	-6.94773004319e-12
4.32183460025e-09	-4.48295751649e-13
4.33224865953e-09	1.572072225e-12
4.34266271881e-09	-1.41926384924e-12
4.35307677808e-09	-2.53302023454e-12
4.36349083736e-09	-3.49802435282e-12
4.37390489664e-09	-2.52229552349e-13
4.38431895592e-09	3.12971133384e-12
4.39473301519e-09	1.20634524505e-12
4.40514707447e-09	-3.68107844553e-12
4.41556113375e-09	4.14052754756e-12
4.42597519303e-09	-5.87329577334e-12
4.4363892523e-09	-2.4415549877e-13
4.44680331158e-09	-2.99496687758e-12
4.45721737086e-09	1.76299719181e-12
4.46763143014e-09	-4.14276956923e-12
4.47804548942e-09	-6.09568553403e-12
4.48845954869e-09	-1.93488177954e-12
4.49887360797e-09	8.16434593542e-14
4.50928766725e-09	1.98427374792e-12
4.51970172653e-09	-6.75005049685e-12
4.5301157858e-09	3.67730965036e-13
4.54052984508e-09	-1.15507007171e-12
4.55094390436e-09	-2.51147383055e-12
4.56135796364e-09	9.15414120374e-13
4.57177202291e-09	7.05252317049e-13
4.58218608219e-09	-5.37095324812e-14
4.59260014147e-09	-9.08363987327e-13
4.60301420075e-09	-1.66763624394e-12
4.61342826003e-09	-9.77348844217e-13
4.6238423193e-09	-3.09492936921e-12
4.63425637858e-09	-7.14107646713e-13
4.64467043786e-09	-2.51124003591e-12
4.65508449714e-09	-6.46078581802e-12
4.66549855641e-09	-1.44897375348e-12
4.67591261569e-09	-1.50758583135e-12
4.68632667497e-09	-9.29193354204e-13
4.69674073425e-09	1.34831924271e-12
4.70715479353e-09	-1.60207947169e-13
4.7175688528e-09	7.0744847697e-13
4.72798291208e-09	-2.54548967083e-12
4.73839697136e-09	7.54203231985e-13
4.74881103064e-09	-2.32401251021e-12
4.75922508991e-09	-4.5518877838e-12
4.76963914919e-09	-2.38599103582e-12
4.78005320847e-09	-6.5820457266e-12
4.79046726775e-09	2.5183019732e-12
4.80088132702e-09	-1.81303453153e-12
4.8112953863e-09	4.33267348865e-12
4.82170944558e-09	4.29363304893e-13
4.83212350486e-09	-1.2125791907e-12
4.84253756414e-09	1.61742624502e-12
4.85295162341e-09	3.81856766801e-12
4.86336568269e-09	-1.0790427525e-12
4.87377974197e-09	-2.81753282814e-12
4.88419380125e-09	-4.82149148623e-12
4.89460786052e-09	6.27756310476e-13
4.9050219198e-09	1.88790172731e-13
4.91543597908e-09	-1.19045463591e-12
4.92585003836e-09	4.7774840182e-12
4.93626409763e-09	-3.12891715575e-12
