% time-domain current integration by openEMS v0.37.0-rc1 @Mon Jul  6 16:22:25 2026
% start-coordinates: (-0.000346154,-6.32956e-06,0.00049641) m -> [14,20,31]
% stop-coordinates: (-0.000346154,4.33522e-06,0.000501795) m -> [14,27,34]
% t/s	current
1.64727290062e-15	0
1.04157065506e-11	-3.30125232706e-11
2.08297658283e-11	7.7438486179e-11
3.1243825106e-11	3.82223586115e-10
4.16578843837e-11	9.94150317624e-10
5.20719436615e-11	1.95067273445e-09
6.24860029392e-11	3.04752911795e-09
7.29000622169e-11	3.60403507038e-09
8.33141214946e-11	2.27131735642e-09
9.37281807723e-11	-2.87194046322e-09
1.0414224005e-10	-1.3716898728e-08
1.14556299328e-10	-3.08079997069e-08
1.24970358605e-10	-5.15342719609e-08
1.35384417883e-10	-6.85898200459e-08
1.45798477161e-10	-6.99173483554e-08
1.56212536439e-10	-4.14172411922e-08
1.66626595716e-10	2.72344706786e-08
1.77040654994e-10	1.34981675615e-07
1.87454714272e-10	2.6327970204e-07
1.97868773549e-10	3.75634300553e-07
2.08282832827e-10	4.25684561378e-07
2.18696892105e-10	3.73208166593e-07
2.29110951383e-10	2.02802993954e-07
2.3952501066e-10	-6.30977865512e-08
2.49939069938e-10	-3.6454474639e-07
2.60353129216e-10	-6.2036019699e-07
2.70767188493e-10	-7.55523842599e-07
2.81181247771e-10	-7.28760198854e-07
2.91595307049e-10	-5.48310879367e-07
3.02009366327e-10	-2.68762249789e-07
3.12423425604e-10	2.96313746873e-08
3.22837484882e-10	2.69855320312e-07
3.3325154416e-10	4.02941594757e-07
3.43665603437e-10	4.19300960175e-07
3.54079662715e-10	3.44169620803e-07
3.64493721993e-10	2.21811575329e-07
3.7490778127e-10	9.6865811372e-08
3.85321840548e-10	5.2945747786e-10
3.95735899826e-10	-5.46622551667e-08
4.06149959104e-10	-7.21285999816e-08
4.16564018381e-10	-6.42054729383e-08
4.26978077659e-10	-4.48395773844e-08
4.37392136937e-10	-2.47140725662e-08
4.47806196214e-10	-9.52566203694e-09
4.58220255492e-10	-6.67164379298e-10
4.6863431477e-10	3.02364622229e-09
4.79048374048e-10	3.55758644766e-09
4.89462433325e-10	2.7120634627e-09
4.99876492603e-10	1.61183244529e-09
5.10290551881e-10	7.58534179912e-10
5.20704611158e-10	2.56250048958e-10
5.31118670436e-10	2.66083231837e-11
5.41532729714e-10	-4.56413101757e-11
5.51946788992e-10	-1.99327750486e-12
5.62360848269e-10	1.04990517148e-12
5.72774907547e-10	-5.94049657555e-13
5.83188966825e-10	-2.03890954142e-13
5.93603026102e-10	-1.13433879802e-13
6.0401708538e-10	-4.99977826068e-13
6.14431144658e-10	-5.00745929097e-13
6.24845203936e-10	-6.05137793173e-13
6.35259263213e-10	4.72170262958e-13
6.45673322491e-10	-5.93633866022e-13
6.56087381769e-10	3.43774244098e-13
6.66501441046e-10	4.47456633378e-13
6.76915500324e-10	4.35715022005e-13
6.87329559602e-10	-3.15255037787e-13
6.9774361888e-10	-1.5721896441e-13
7.08157678157e-10	6.76495263887e-13
7.18571737435e-10	-8.12557622099e-14
7.28985796713e-10	1.15919155785e-13
7.3939985599e-10	2.50377416554e-14
7.49813915268e-10	-5.30572967831e-14
7.60227974546e-10	3.4624107509e-13
7.70642033823e-10	-2.60600026801e-13
7.81056093101e-10	9.5140678647e-14
7.91470152379e-10	-2.16228673421e-14
8.01884211657e-10	-3.3657411168e-13
8.12298270934e-10	-2.50760546496e-15
8.22712330212e-10	-3.43383389214e-13
8.3312638949e-10	7.74549966265e-13
8.43540448767e-10	-1.41060909698e-13
8.53954508045e-10	-4.52179011465e-13
8.64368567323e-10	2.46596498646e-13
8.74782626601e-10	1.56191547326e-13
8.85196685878e-10	-1.00449020575e-13
8.95610745156e-10	2.48106683852e-13
9.06024804434e-10	-1.57853791887e-13
9.16438863711e-10	-1.72414356013e-13
9.26852922989e-10	-2.50534117649e-14
9.37266982267e-10	2.07383237102e-13
9.47681041545e-10	6.00167647784e-13
9.58095100822e-10	2.08228033882e-13
9.685091601e-10	1.99276792984e-13
9.78923219378e-10	-4.16073154662e-13
9.89337278655e-10	-3.75083617594e-13
9.99751337933e-10	2.13308090267e-13
1.01016539721e-09	-1.18947332452e-13
1.02057945649e-09	-9.26279655734e-14
1.03099351577e-09	9.08305142254e-14
1.04140757504e-09	3.4706409296e-14
1.05182163432e-09	-2.993218195e-13
1.0622356936e-09	1.23227478026e-13
1.07264975288e-09	-1.38293293917e-13
1.08306381215e-09	1.83842632957e-13
1.09347787143e-09	3.38648244646e-13
1.10389193071e-09	-2.00107617108e-13
1.11430598999e-09	-1.98989181252e-13
1.12472004927e-09	-3.03464284951e-13
1.13513410854e-09	2.09641304967e-13
1.14554816782e-09	6.82178651675e-14
1.1559622271e-09	-2.38841661292e-13
1.16637628638e-09	9.09574200897e-14
1.17679034565e-09	-2.33820531296e-13
1.18720440493e-09	1.71425340015e-14
1.19761846421e-09	1.17841581762e-13
1.20803252349e-09	8.24178033221e-14
1.21844658277e-09	6.49195595285e-14
1.22886064204e-09	-1.42561621687e-13
1.23927470132e-09	5.60395913701e-13
1.2496887606e-09	1.25707969967e-13
1.26010281988e-09	1.49504296746e-13
1.27051687915e-09	-2.60502678998e-14
1.28093093843e-09	4.03859481664e-14
1.29134499771e-09	-4.86510991541e-15
1.30175905699e-09	2.57841979105e-13
1.31217311626e-09	-7.51047309197e-14
1.32258717554e-09	1.43726502054e-13
1.33300123482e-09	-7.63067045531e-14
1.3434152941e-09	2.14075610537e-13
1.35382935338e-09	6.61955977229e-14
1.36424341265e-09	-4.3944364071e-14
1.37465747193e-09	1.94154723765e-13
1.38507153121e-09	1.16178971283e-13
1.39548559049e-09	3.53094506758e-13
1.40589964976e-09	1.63425195143e-13
1.41631370904e-09	-2.53640614371e-13
1.42672776832e-09	8.79522556131e-14
1.4371418276e-09	4.7080008891e-14
1.44755588687e-09	-1.11409897963e-13
1.45796994615e-09	1.11766539491e-13
1.46838400543e-09	-8.09194223672e-14
1.47879806471e-09	1.62716994284e-13
1.48921212399e-09	-2.61630452546e-14
1.49962618326e-09	9.47520192732e-14
1.51004024254e-09	-1.44164058946e-14
1.52045430182e-09	3.02112122211e-13
1.5308683611e-09	1.55093318288e-13
1.54128242037e-09	-9.80104533773e-14
1.55169647965e-09	-8.64403560123e-14
1.56211053893e-09	1.58587281762e-13
1.57252459821e-09	-2.55961105176e-13
1.58293865748e-09	6.88075525647e-15
1.59335271676e-09	6.47411879423e-14
1.60376677604e-09	3.86167165682e-14
1.61418083532e-09	-8.49112650309e-14
1.6245948946e-09	1.07344437972e-13
1.63500895387e-09	-1.75219620714e-13
1.64542301315e-09	-8.26401799639e-14
1.65583707243e-09	2.07923549255e-13
1.66625113171e-09	-1.63447096027e-13
1.67666519098e-09	3.69659611623e-14
1.68707925026e-09	-5.09095329369e-14
1.69749330954e-09	-1.90811206896e-13
1.70790736882e-09	1.26011302629e-13
1.7183214281e-09	1.10901393591e-13
1.72873548737e-09	-1.20036982741e-13
1.73914954665e-09	3.34079660637e-13
1.74956360593e-09	-6.34216393595e-14
1.75997766521e-09	1.76615463248e-13
1.77039172448e-09	-1.0639616087e-13
1.78080578376e-09	1.5056265425e-13
1.79121984304e-09	5.31394250976e-14
1.80163390232e-09	4.0229653647e-14
1.81204796159e-09	1.09624196656e-13
1.82246202087e-09	1.22041828412e-14
1.83287608015e-09	-1.43155628953e-13
1.84329013943e-09	-9.63842720914e-14
1.85370419871e-09	5.61034576544e-14
1.86411825798e-09	4.35929097724e-14
1.87453231726e-09	3.21493943663e-13
1.88494637654e-09	8.78597460627e-14
1.89536043582e-09	-6.0903634024e-15
1.90577449509e-09	1.22958677203e-13
1.91618855437e-09	5.26666519641e-14
1.92660261365e-09	5.52104477587e-14
1.93701667293e-09	2.87136037603e-15
1.9474307322e-09	4.59619762226e-14
1.95784479148e-09	-3.07222305864e-14
1.96825885076e-09	3.17734052502e-14
1.97867291004e-09	7.36463705775e-14
1.98908696932e-09	-4.81956054926e-14
1.99950102859e-09	-1.17522311327e-13
2.00991508787e-09	1.62993994387e-13
2.02032914715e-09	7.38565567211e-14
2.03074320643e-09	1.96237327061e-13
2.0411572657e-09	-2.73211791732e-13
2.05157132498e-09	-1.03354248716e-13
2.06198538426e-09	1.15106979937e-13
2.07239944354e-09	1.61292040921e-13
2.08281350282e-09	1.98120786134e-14
2.09322756209e-09	-1.4820374203e-13
2.10364162137e-09	2.79269527425e-13
2.11405568065e-09	-1.0586830349e-13
2.12446973993e-09	-4.11564093352e-14
2.1348837992e-09	-1.59568403412e-14
2.14529785848e-09	1.28994091884e-13
2.15571191776e-09	1.30321439946e-13
2.16612597704e-09	-3.22405134274e-14
2.17654003631e-09	2.35036328507e-13
2.18695409559e-09	5.46597679228e-14
2.19736815487e-09	-6.75673303115e-14
2.20778221415e-09	-2.16815687583e-13
2.21819627343e-09	1.01406106819e-14
2.2286103327e-09	6.97850794078e-14
2.23902439198e-09	1.13749165794e-13
2.24943845126e-09	-2.45967085404e-14
2.25985251054e-09	-6.3858572835e-14
2.27026656981e-09	1.51614289699e-13
2.28068062909e-09	-6.48557135731e-14
2.29109468837e-09	-5.10301199355e-14
2.30150874765e-09	7.5559296233e-14
2.31192280692e-09	2.06181832675e-13
2.3223368662e-09	-3.82845678445e-14
2.33275092548e-09	6.67247696982e-14
2.34316498476e-09	7.32693799296e-14
2.35357904404e-09	-8.10070191265e-14
2.36399310331e-09	-1.46739621864e-13
2.37440716259e-09	-9.77484830274e-14
2.38482122187e-09	1.17196481469e-13
2.39523528115e-09	-1.05504214848e-13
2.40564934042e-09	7.22770774437e-14
2.4160633997e-09	-3.94080438854e-13
2.42647745898e-09	2.14397984501e-13
2.43689151826e-09	-3.73552134592e-14
2.44730557753e-09	-1.06054569423e-13
2.45771963681e-09	2.30811653427e-13
2.46813369609e-09	-2.08925785743e-13
2.47854775537e-09	1.01481499527e-13
2.48896181465e-09	2.15568292654e-14
2.49937587392e-09	6.38408258007e-14
2.5097899332e-09	-6.2381218626e-14
2.52020399248e-09	1.23918250335e-13
2.53061805176e-09	7.36993745112e-14
2.54103211103e-09	4.23458129998e-14
2.55144617031e-09	-2.69204878658e-13
2.56186022959e-09	2.96103643178e-14
2.57227428887e-09	-4.83273021753e-14
2.58268834815e-09	1.5761591793e-13
2.59310240742e-09	-7.10206023223e-14
2.6035164667e-09	-4.12119984135e-14
2.61393052598e-09	9.45454109967e-14
2.62434458526e-09	2.84516977849e-14
2.63475864453e-09	-4.16762571719e-14
2.64517270381e-09	-1.54254769223e-13
2.65558676309e-09	-5.2101674212e-15
2.66600082237e-09	-1.38377699056e-13
2.67641488164e-09	3.12543746309e-13
2.68682894092e-09	-1.42305682212e-13
2.6972430002e-09	2.57310394779e-13
2.70765705948e-09	2.12371251498e-14
2.71807111876e-09	-2.0031194856e-13
2.72848517803e-09	-2.44142678079e-14
2.73889923731e-09	-5.26408005185e-14
2.74931329659e-09	-5.99441896403e-14
2.75972735587e-09	-5.50328147853e-14
2.77014141514e-09	-9.16224154922e-14
2.78055547442e-09	9.23584329133e-14
2.7909695337e-09	3.66122876374e-15
2.80138359298e-09	-4.85921863185e-14
2.81179765225e-09	1.32728653372e-13
2.82221171153e-09	2.26658129114e-13
2.83262577081e-09	7.0818317302e-14
2.84303983009e-09	-6.75814384923e-14
2.85345388937e-09	-2.67559073313e-15
2.86386794864e-09	9.01063213843e-14
2.87428200792e-09	5.42748151652e-14
2.8846960672e-09	6.8928749427e-14
2.89511012648e-09	-3.8126985835e-15
2.90552418575e-09	6.42538593946e-14
2.91593824503e-09	-7.24537414115e-15
2.92635230431e-09	4.28684662095e-14
2.93676636359e-09	1.32965497337e-13
2.94718042287e-09	2.57152426523e-13
2.95759448214e-09	-2.14225311752e-13
2.96800854142e-09	-2.87773656901e-13
2.9784226007e-09	-1.48802465575e-13
2.98883665998e-09	-4.84243179409e-14
2.99925071925e-09	-6.58328168997e-14
3.00966477853e-09	-8.68765644277e-14
3.02007883781e-09	-7.09125209182e-14
3.03049289709e-09	7.91382814857e-14
3.04090695636e-09	-4.20591160641e-14
3.05132101564e-09	8.6522897679e-14
3.06173507492e-09	-3.10347654151e-14
3.0721491342e-09	9.86534530283e-14
3.08256319348e-09	3.37070730485e-14
3.09297725275e-09	-7.74957422994e-14
3.10339131203e-09	-1.20501373636e-13
3.11380537131e-09	-1.01588998173e-13
3.12421943059e-09	-1.03226888842e-13
3.13463348986e-09	-1.34734379957e-14
3.14504754914e-09	2.96974291404e-14
3.15546160842e-09	-1.46684828997e-13
3.1658756677e-09	1.21436064329e-13
3.17628972697e-09	1.68376082391e-13
3.18670378625e-09	1.75423450722e-13
3.19711784553e-09	1.26623104363e-13
3.20753190481e-09	2.33865281741e-13
3.21794596409e-09	-2.54659791518e-13
3.22836002336e-09	-4.0865199408e-14
3.23877408264e-09	9.77917426941e-14
3.24918814192e-09	5.40505106764e-14
3.2596022012e-09	1.43200880841e-13
3.27001626047e-09	8.61366574313e-14
3.28043031975e-09	-1.41060326939e-14
3.29084437903e-09	9.65588083123e-14
3.30125843831e-09	3.78319473188e-15
3.31167249758e-09	6.04040404392e-14
3.32208655686e-09	1.44998271202e-13
3.33250061614e-09	-9.05679475643e-14
3.34291467542e-09	-3.3187896062e-14
3.3533287347e-09	6.47523484484e-14
3.36374279397e-09	-1.19122566629e-13
3.37415685325e-09	-1.21366282367e-13
3.38457091253e-09	-7.16768089109e-14
3.39498497181e-09	-2.35434230705e-13
3.40539903108e-09	2.63442357664e-14
3.41581309036e-09	1.96009766577e-13
3.42622714964e-09	1.58839548502e-14
3.43664120892e-09	3.1918451172e-14
3.4470552682e-09	-1.08210871362e-13
3.45746932747e-09	1.80139730173e-13
3.46788338675e-09	1.56504990174e-13
3.47829744603e-09	1.02438518009e-13
3.48871150531e-09	-1.39813155628e-14
3.49912556458e-09	-2.28937799707e-13
3.50953962386e-09	1.12249612546e-13
3.51995368314e-09	-4.02603568973e-15
3.53036774242e-09	2.00316244712e-14
3.54078180169e-09	-1.73495278474e-13
3.55119586097e-09	-3.24816874244e-14
3.56160992025e-09	1.4914678108e-13
3.57202397953e-09	-1.75463511993e-13
3.58243803881e-09	8.42396627714e-15
3.59285209808e-09	-1.37428452949e-13
3.60326615736e-09	-1.23746472054e-13
3.61368021664e-09	9.96128093206e-14
3.62409427592e-09	-2.74445451174e-16
3.63450833519e-09	-8.63922106596e-14
3.64492239447e-09	4.44916049532e-14
3.65533645375e-09	-2.09816877956e-13
3.66575051303e-09	-1.55879053155e-13
3.6761645723e-09	1.1952274565e-13
3.68657863158e-09	-2.32842824882e-13
3.69699269086e-09	4.4594793895e-14
3.70740675014e-09	-1.30693632999e-13
3.71782080942e-09	-3.59417695801e-14
3.72823486869e-09	-8.45038557358e-14
3.73864892797e-09	7.87782653781e-14
3.74906298725e-09	-1.85066822571e-14
3.75947704653e-09	1.72941359584e-13
3.7698911058e-09	1.45169737776e-13
3.78030516508e-09	-4.27214111255e-14
3.79071922436e-09	-2.77812136089e-14
3.80113328364e-09	5.77763883828e-14
3.81154734292e-09	-8.86156721462e-14
3.82196140219e-09	-2.07393672548e-13
3.83237546147e-09	-8.42435116891e-14
3.84278952075e-09	2.53805846782e-13
3.85320358003e-09	-1.0950275246e-13
3.8636176393e-09	-2.57845434999e-14
3.87403169858e-09	3.24912893899e-13
3.88444575786e-09	1.26912640553e-13
3.89485981714e-09	9.09413129112e-14
3.90527387641e-09	-1.11575503068e-13
3.91568793569e-09	-1.1511943471e-13
3.92610199497e-09	-2.33684030243e-13
3.93651605425e-09	-1.50781053225e-13
3.94693011353e-09	8.37003941634e-14
3.9573441728e-09	-4.54700974139e-14
3.96775823208e-09	-5.03372029389e-15
3.97817229136e-09	1.402758118e-13
3.98858635064e-09	4.87090362077e-15
3.99900040991e-09	9.33904443037e-14
4.00941446919e-09	1.84782500716e-13
4.01982852847e-09	-1.6754238513e-13
4.03024258775e-09	-1.75510701892e-13
4.04065664702e-09	-6.10755546073e-14
4.0510707063e-09	8.41594724682e-14
4.06148476558e-09	-1.56939877218e-13
4.07189882486e-09	-8.19566175992e-14
4.08231288414e-09	-3.22596902533e-14
4.09272694341e-09	1.87992227037e-13
4.10314100269e-09	3.56354790782e-14
4.11355506197e-09	-5.97233173289e-14
4.12396912125e-09	-1.25440565053e-13
4.13438318052e-09	-3.98765459401e-14
4.1447972398e-09	-1.99056496655e-13
4.15521129908e-09	-4.3711724778e-14
4.16562535836e-09	-1.41988986757e-13
4.17603941763e-09	-6.14489470592e-14
4.18645347691e-09	1.45529448952e-13
4.19686753619e-09	-6.67948362636e-14
4.20728159547e-09	2.6278041158e-13
4.21769565475e-09	-1.45053050517e-13
4.22810971402e-09	-1.50351329694e-13
4.2385237733e-09	2.9405341687e-14
4.24893783258e-09	-4.01201153463e-14
4.25935189186e-09	1.65547778394e-13
4.26976595113e-09	-2.15670377065e-14
4.28018001041e-09	1.97257913671e-14
4.29059406969e-09	1.5573187271e-13
4.30100812897e-09	-9.98376728512e-14
4.31142218825e-09	-1.63451487046e-13
4.32183624752e-09	2.23688418049e-13
4.3322503068e-09	-1.26136731268e-13
4.34266436608e-09	-1.51514583757e-13
4.35307842536e-09	9.5770491689e-15
4.36349248463e-09	1.53285777084e-13
4.37390654391e-09	1.48912512096e-13
4.38432060319e-09	3.33046985173e-14
4.39473466247e-09	9.67929214427e-14
4.40514872174e-09	1.07255174252e-13
4.41556278102e-09	1.04233773847e-14
4.4259768403e-09	-1.49782313288e-13
4.43639089958e-09	1.6146589274e-13
4.44680495886e-09	-1.78460490743e-14
4.45721901813e-09	-2.49556235052e-16
4.46763307741e-09	-2.04901525434e-13
4.47804713669e-09	1.12505491034e-13
4.48846119597e-09	9.35162524133e-14
4.49887525524e-09	-1.02995540428e-13
4.50928931452e-09	-2.22015141731e-13
4.5197033738e-09	-9.69595836454e-14
4.53011743308e-09	5.3127969824e-14
4.54053149235e-09	-4.82909271924e-14
4.55094555163e-09	7.76792435171e-14
4.56135961091e-09	-4.03470117559e-14
4.57177367019e-09	9.0497420213e-14
4.58218772947e-09	-2.2581003907e-14
4.59260178874e-09	-1.47393328011e-13
4.60301584802e-09	-1.56862045055e-13
4.6134299073e-09	2.65065882655e-13
4.62384396658e-09	-8.25164182859e-14
4.63425802585e-09	-6.46090236975e-14
4.64467208513e-09	-7.31159382171e-14
4.65508614441e-09	-1.29800941588e-13
4.66550020369e-09	-1.95867139782e-13
4.67591426297e-09	-7.0089604693e-16
4.68632832224e-09	4.29942506022e-14
4.69674238152e-09	1.91002365291e-13
4.7071564408e-09	4.82696836061e-14
4.71757050008e-09	4.18934093145e-14
4.72798455935e-09	-7.68586718792e-14
4.73839861863e-09	1.05199086475e-14
4.74881267791e-09	1.26520457522e-13
4.75922673719e-09	1.65717225641e-13
4.76964079646e-09	1.7742004968e-13
4.78005485574e-09	-9.8463663438e-14
4.79046891502e-09	-4.20773442131e-14
4.8008829743e-09	2.66740636198e-14
4.81129703358e-09	1.35525515506e-13
4.82171109285e-09	-2.46215672633e-14
4.83212515213e-09	-1.6195508476e-13
4.84253921141e-09	-1.56394726813e-13
4.85295327069e-09	8.18725987071e-14
4.86336732996e-09	-1.75553758271e-13
4.87378138924e-09	1.95401895077e-14
4.88419544852e-09	7.5791085105e-15
4.8946095078e-09	1.95189594739e-14
4.90502356707e-09	-8.64230426589e-14
4.91543762635e-09	-1.30781548243e-14
4.92585168563e-09	6.63505302133e-15
4.93626574491e-09	-7.21631006903e-14
