% time-domain current integration by openEMS v0.37.0-rc1 @Mon Jul  6 16:22:25 2026
% start-coordinates: (-0.000307692,-6.32956e-06,0.00049641) m -> [15,20,31]
% stop-coordinates: (-0.000307692,4.33522e-06,0.000501795) m -> [15,27,34]
% t/s	current
1.64727290062e-15	0
1.04157065506e-11	-3.50712306418e-11
2.08297658283e-11	7.24186058343e-11
3.1243825106e-11	3.69098168695e-10
4.16578843837e-11	9.68898627995e-10
5.20719436615e-11	1.91704074837e-09
6.24860029392e-11	3.01777736134e-09
7.29000622169e-11	3.60650709297e-09
8.33141214946e-11	2.35980612828e-09
9.37281807723e-11	-2.63321853211e-09
1.0414224005e-10	-1.32800561659e-08
1.14556299328e-10	-3.01927727264e-08
1.24970358605e-10	-5.08896818019e-08
1.35384417883e-10	-6.82206646729e-08
1.45798477161e-10	-7.02547779952e-08
1.56212536439e-10	-4.28816910869e-08
1.66626595716e-10	2.44496760615e-08
1.77040654994e-10	1.3115119657e-07
1.87454714272e-10	2.59274457903e-07
1.97868773549e-10	3.72808869997e-07
2.08282832827e-10	4.25496097023e-07
2.18696892105e-10	3.766343184e-07
2.29110951383e-10	2.09796098716e-07
2.3952501066e-10	-5.38457918253e-08
2.49939069938e-10	-3.55352824499e-07
2.60353129216e-10	-6.13834288288e-07
2.70767188493e-10	-7.53627659833e-07
2.81181247771e-10	-7.32078717647e-07
2.91595307049e-10	-5.55824271942e-07
3.02009366327e-10	-2.7823583082e-07
3.12423425604e-10	2.08124006917e-08
3.22837484882e-10	2.63782339971e-07
3.3325154416e-10	4.00573242132e-07
3.43665603437e-10	4.20356428776e-07
3.54079662715e-10	3.474762309e-07
3.64493721993e-10	2.25885926852e-07
3.7490778127e-10	1.00464085051e-07
3.85321840548e-10	2.94914914711e-09
3.95735899826e-10	-5.35465964902e-08
4.06149959104e-10	-7.20348722894e-08
4.16564018381e-10	-6.4690212298e-08
4.26978077659e-10	-4.54994903976e-08
4.37392136937e-10	-2.52873508799e-08
4.47806196214e-10	-9.90529436251e-09
4.58220255492e-10	-8.5701690189e-10
4.6863431477e-10	2.96482283169e-09
4.79048374048e-10	3.56856566519e-09
4.89462433325e-10	2.74648614962e-09
4.99876492603e-10	1.64352531584e-09
5.10290551881e-10	7.8015305327e-10
5.20704611158e-10	2.67262212361e-10
5.31118670436e-10	3.06339467682e-11
5.41532729714e-10	-4.48682029031e-11
5.51946788992e-10	2.16509340838e-12
5.62360848269e-10	1.93310780794e-13
5.72774907547e-10	-4.60698590821e-13
5.83188966825e-10	1.2070169083e-12
5.93603026102e-10	2.86255177548e-13
6.0401708538e-10	3.09496487683e-13
6.14431144658e-10	1.33175371772e-12
6.24845203936e-10	2.76087502469e-13
6.35259263213e-10	-3.7062231539e-14
6.45673322491e-10	7.91182982844e-13
6.56087381769e-10	-2.87261073218e-13
6.66501441046e-10	-6.44354700347e-14
6.76915500324e-10	-3.72682407938e-13
6.87329559602e-10	4.00093695153e-13
6.9774361888e-10	3.79826988546e-14
7.08157678157e-10	-1.88454910314e-13
7.18571737435e-10	2.57735293611e-13
7.28985796713e-10	-1.48446657527e-13
7.3939985599e-10	-3.04989161096e-13
7.49813915268e-10	5.68812710692e-14
7.60227974546e-10	-7.18625734007e-14
7.70642033823e-10	-1.74550247845e-14
7.81056093101e-10	2.25591463912e-13
7.91470152379e-10	-4.72816840476e-14
8.01884211657e-10	6.59978419571e-13
8.12298270934e-10	-1.75330114468e-13
8.22712330212e-10	1.34605054967e-13
8.3312638949e-10	-7.08075633717e-13
8.43540448767e-10	-1.24827272542e-13
8.53954508045e-10	4.35419956384e-13
8.64368567323e-10	-1.04597557558e-13
8.74782626601e-10	-2.30550509781e-14
8.85196685878e-10	-2.2320907194e-14
8.95610745156e-10	3.270189905e-14
9.06024804434e-10	-2.51572607147e-13
9.16438863711e-10	2.08726590699e-13
9.26852922989e-10	-3.60566692606e-13
9.37266982267e-10	8.84019691217e-14
9.47681041545e-10	-2.88872712643e-13
9.58095100822e-10	-2.76707747427e-13
9.685091601e-10	1.32151586766e-13
9.78923219378e-10	2.05102997303e-13
9.89337278655e-10	1.41207548042e-13
9.99751337933e-10	-2.73614816785e-13
1.01016539721e-09	1.36978495495e-13
1.02057945649e-09	1.7178185957e-13
1.03099351577e-09	-2.98671352407e-13
1.04140757504e-09	-1.09048824116e-13
1.05182163432e-09	4.09170717057e-14
1.0622356936e-09	-7.38635566014e-14
1.07264975288e-09	2.91734301647e-13
1.08306381215e-09	-2.43837583588e-13
1.09347787143e-09	-3.92233093878e-13
1.10389193071e-09	5.21829622699e-14
1.11430598999e-09	3.79373127964e-13
1.12472004927e-09	-2.30957017833e-14
1.13513410854e-09	-2.02839047642e-13
1.14554816782e-09	4.92920489853e-14
1.1559622271e-09	-1.36987480821e-13
1.16637628638e-09	-3.54416284732e-13
1.17679034565e-09	5.68841848625e-14
1.18720440493e-09	1.62462464271e-13
1.19761846421e-09	-1.41681534126e-13
1.20803252349e-09	-3.74649367519e-13
1.21844658277e-09	-4.06245133019e-14
1.22886064204e-09	1.19191210179e-13
1.23927470132e-09	3.93347599501e-14
1.2496887606e-09	6.2908222197e-14
1.26010281988e-09	-2.23311901739e-13
1.27051687915e-09	3.39546641671e-14
1.28093093843e-09	-2.46126768055e-15
1.29134499771e-09	-1.13458938425e-13
1.30175905699e-09	-2.09806049487e-13
1.31217311626e-09	1.31585741652e-13
1.32258717554e-09	1.24089662699e-13
1.33300123482e-09	3.39048559193e-13
1.3434152941e-09	-3.7706389931e-14
1.35382935338e-09	-2.02493241359e-13
1.36424341265e-09	1.36488991767e-14
1.37465747193e-09	9.02360461743e-14
1.38507153121e-09	1.62377191771e-13
1.39548559049e-09	-3.51295950879e-13
1.40589964976e-09	-1.39606547351e-13
1.41631370904e-09	1.3761845938e-14
1.42672776832e-09	-9.30592137637e-14
1.4371418276e-09	5.77667931935e-14
1.44755588687e-09	1.52112927831e-13
1.45796994615e-09	-2.95562294257e-13
1.46838400543e-09	-5.95249896465e-14
1.47879806471e-09	-1.07369706659e-13
1.48921212399e-09	3.45263531307e-13
1.49962618326e-09	-6.83366327392e-14
1.51004024254e-09	2.78537230173e-14
1.52045430182e-09	-7.29925221286e-14
1.5308683611e-09	-5.40071595301e-15
1.54128242037e-09	3.95931985114e-13
1.55169647965e-09	1.51442823126e-13
1.56211053893e-09	4.8760359628e-14
1.57252459821e-09	1.5304840457e-13
1.58293865748e-09	2.40467015874e-13
1.59335271676e-09	-6.93658455328e-14
1.60376677604e-09	9.54338943483e-14
1.61418083532e-09	-1.73063562721e-13
1.6245948946e-09	7.36216575442e-14
1.63500895387e-09	1.63789825886e-13
1.64542301315e-09	-8.3052935731e-15
1.65583707243e-09	-2.19949912775e-13
1.66625113171e-09	-2.65508406547e-14
1.67666519098e-09	2.00292134766e-13
1.68707925026e-09	4.74995341454e-14
1.69749330954e-09	-4.29032250536e-14
1.70790736882e-09	-2.04697614111e-13
1.7183214281e-09	-2.64213428696e-14
1.72873548737e-09	9.25107294372e-14
1.73914954665e-09	5.03249921119e-14
1.74956360593e-09	7.20727934256e-14
1.75997766521e-09	-1.37610490494e-13
1.77039172448e-09	3.09032449153e-14
1.78080578376e-09	-1.28601502277e-13
1.79121984304e-09	2.77583132261e-13
1.80163390232e-09	5.90019027559e-14
1.81204796159e-09	-1.8027577044e-13
1.82246202087e-09	-6.16058378898e-14
1.83287608015e-09	1.95845550606e-13
1.84329013943e-09	-1.79053196965e-13
1.85370419871e-09	-2.42661685017e-13
1.86411825798e-09	-3.86263558031e-14
1.87453231726e-09	-1.62696367338e-13
1.88494637654e-09	1.45330606273e-13
1.89536043582e-09	1.5218735831e-14
1.90577449509e-09	8.41337429954e-14
1.91618855437e-09	5.39269082406e-14
1.92660261365e-09	6.03210650917e-14
1.93701667293e-09	2.33050612228e-15
1.9474307322e-09	1.34632363309e-14
1.95784479148e-09	9.81907290936e-14
1.96825885076e-09	-3.22478995547e-14
1.97867291004e-09	-6.44751111767e-14
1.98908696932e-09	1.37901747855e-13
1.99950102859e-09	2.33832159365e-13
2.00991508787e-09	1.18790868526e-13
2.02032914715e-09	9.29531923438e-14
2.03074320643e-09	-6.59297039163e-14
2.0411572657e-09	1.71197244206e-13
2.05157132498e-09	1.87334278949e-13
2.06198538426e-09	-2.97890272833e-14
2.07239944354e-09	7.82793765247e-14
2.08281350282e-09	4.30225550552e-14
2.09322756209e-09	2.45953160182e-13
2.10364162137e-09	-9.29617168834e-14
2.11405568065e-09	1.66040236573e-13
2.12446973993e-09	-1.09467461679e-13
2.1348837992e-09	1.03281661381e-13
2.14529785848e-09	3.4678743167e-13
2.15571191776e-09	1.51847935267e-13
2.16612597704e-09	-4.29763104444e-14
2.17654003631e-09	6.67644243927e-14
2.18695409559e-09	-4.75011604486e-14
2.19736815487e-09	2.14952431939e-13
2.20778221415e-09	2.62302115792e-13
2.21819627343e-09	-1.14487385501e-13
2.2286103327e-09	6.63714282102e-14
2.23902439198e-09	-1.17748726622e-14
2.24943845126e-09	8.53208969405e-14
2.25985251054e-09	1.3101599341e-13
2.27026656981e-09	3.28473413833e-13
2.28068062909e-09	-7.09894653911e-14
2.29109468837e-09	-2.3219783301e-13
2.30150874765e-09	6.82303538213e-14
2.31192280692e-09	-2.00572929576e-14
2.3223368662e-09	-2.07189734119e-13
2.33275092548e-09	-7.34359811459e-14
2.34316498476e-09	1.69465149921e-13
2.35357904404e-09	6.93104156967e-14
2.36399310331e-09	-1.56389902113e-13
2.37440716259e-09	-1.0181151034e-13
2.38482122187e-09	-1.77841357092e-13
2.39523528115e-09	8.38033527122e-14
2.40564934042e-09	1.26658151198e-13
2.4160633997e-09	3.56357386091e-13
2.42647745898e-09	-7.30069758988e-14
2.43689151826e-09	-1.80901707459e-13
2.44730557753e-09	2.94832300934e-13
2.45771963681e-09	-1.16067501747e-13
2.46813369609e-09	2.12301611837e-13
2.47854775537e-09	-2.317237114e-13
2.48896181465e-09	-2.39637140426e-14
2.49937587392e-09	-1.07262289328e-13
2.5097899332e-09	1.59076582202e-13
2.52020399248e-09	2.08462465497e-14
2.53061805176e-09	-6.60387882074e-14
2.54103211103e-09	-1.208435885e-13
2.55144617031e-09	2.78445425354e-13
2.56186022959e-09	4.47578172441e-14
2.57227428887e-09	1.11101666062e-13
2.58268834815e-09	4.40332042747e-14
2.59310240742e-09	1.2653203138e-13
2.6035164667e-09	2.08368736219e-13
2.61393052598e-09	-5.42848135421e-14
2.62434458526e-09	-5.10210194135e-14
2.63475864453e-09	-1.42899438756e-14
2.64517270381e-09	-1.76669497174e-13
2.65558676309e-09	-1.25102565026e-13
2.66600082237e-09	4.98576637061e-14
2.67641488164e-09	-1.33615124173e-13
2.68682894092e-09	-2.0408212609e-13
2.6972430002e-09	-1.27838901574e-13
2.70765705948e-09	1.6196253865e-13
2.71807111876e-09	1.67105736258e-13
2.72848517803e-09	6.7598656978e-14
2.73889923731e-09	-1.45408695935e-13
2.74931329659e-09	-7.02645203848e-14
2.75972735587e-09	-8.66469033025e-14
2.77014141514e-09	4.71485677377e-14
2.78055547442e-09	-1.57380198825e-13
2.7909695337e-09	-1.75803572004e-13
2.80138359298e-09	-2.39418334875e-14
2.81179765225e-09	1.26498014537e-13
2.82221171153e-09	-2.16952026006e-13
2.83262577081e-09	7.44235944573e-14
2.84303983009e-09	-1.89034341836e-14
2.85345388937e-09	-2.15207029714e-13
2.86386794864e-09	-1.35999325408e-13
2.87428200792e-09	-7.06160255054e-14
2.8846960672e-09	-8.22224368669e-14
2.89511012648e-09	-2.02917665852e-13
2.90552418575e-09	1.54774928767e-13
2.91593824503e-09	1.39092364471e-14
2.92635230431e-09	1.61101668572e-14
2.93676636359e-09	-1.46322868102e-13
2.94718042287e-09	-1.52590586651e-13
2.95759448214e-09	-1.63541516484e-13
2.96800854142e-09	1.66634203181e-13
2.9784226007e-09	-1.29598290649e-13
2.98883665998e-09	-2.52413595667e-13
2.99925071925e-09	-1.35278534251e-13
3.00966477853e-09	-5.91389865681e-14
3.02007883781e-09	-7.53890493869e-15
3.03049289709e-09	6.22929035828e-14
3.04090695636e-09	6.08417599613e-14
3.05132101564e-09	-8.60305885775e-14
3.06173507492e-09	-8.58618596144e-14
3.0721491342e-09	-2.05634595181e-13
3.08256319348e-09	-1.75776738e-13
3.09297725275e-09	-2.67186446579e-13
3.10339131203e-09	6.95118807892e-14
3.11380537131e-09	1.75752370556e-13
3.12421943059e-09	2.26026418719e-13
3.13463348986e-09	-7.698513051e-16
3.14504754914e-09	-7.81967603191e-14
3.15546160842e-09	9.82172920468e-14
3.1658756677e-09	-5.92048925076e-14
3.17628972697e-09	9.83241266184e-15
3.18670378625e-09	1.60342252713e-14
3.19711784553e-09	1.79057154303e-13
3.20753190481e-09	-1.19866248004e-13
3.21794596409e-09	-3.33024691265e-14
3.22836002336e-09	-2.68700026693e-14
3.23877408264e-09	1.47123537853e-13
3.24918814192e-09	-7.45967957544e-14
3.2596022012e-09	-3.26237355273e-13
3.27001626047e-09	1.2678273958e-14
3.28043031975e-09	1.67528019452e-13
3.29084437903e-09	1.74433059143e-13
3.30125843831e-09	-9.23089594129e-14
3.31167249758e-09	-1.05618977648e-13
3.32208655686e-09	-1.39162092223e-13
3.33250061614e-09	1.26755837814e-13
3.34291467542e-09	-1.89333954331e-13
3.3533287347e-09	-8.77757136181e-14
3.36374279397e-09	-9.98615388515e-14
3.37415685325e-09	-1.31581147345e-13
3.38457091253e-09	-8.85437421083e-14
3.39498497181e-09	2.33442280263e-14
3.40539903108e-09	-1.27398159838e-13
3.41581309036e-09	7.37507656941e-14
3.42622714964e-09	-1.53750628765e-13
3.43664120892e-09	8.94472552125e-14
3.4470552682e-09	4.79308839797e-15
3.45746932747e-09	-1.27759172057e-13
3.46788338675e-09	-3.61159263303e-15
3.47829744603e-09	-2.70143797739e-13
3.48871150531e-09	-7.67789423619e-14
3.49912556458e-09	-1.05454267009e-13
3.50953962386e-09	5.03253241488e-14
3.51995368314e-09	-1.55156445959e-14
3.53036774242e-09	-2.65007810076e-14
3.54078180169e-09	-3.16234363728e-14
3.55119586097e-09	-1.43525219921e-13
3.56160992025e-09	-6.00834283043e-14
3.57202397953e-09	3.86593236807e-13
3.58243803881e-09	6.51084478757e-14
3.59285209808e-09	-2.51909665274e-14
3.60326615736e-09	1.14522811807e-13
3.61368021664e-09	2.89787589541e-14
3.62409427592e-09	-2.27070654489e-13
3.63450833519e-09	1.487390533e-13
3.64492239447e-09	5.38928168585e-14
3.65533645375e-09	4.29910352651e-14
3.66575051303e-09	-6.13538693049e-14
3.6761645723e-09	-2.22002443013e-13
3.68657863158e-09	6.08365490146e-15
3.69699269086e-09	2.32889659028e-14
3.70740675014e-09	1.14545336107e-13
3.71782080942e-09	-6.72223168514e-14
3.72823486869e-09	1.73310964104e-13
3.73864892797e-09	2.49797198985e-14
3.74906298725e-09	-8.19410864031e-14
3.75947704653e-09	-1.06420135291e-14
3.7698911058e-09	2.48902054566e-14
3.78030516508e-09	-4.25101712729e-14
3.79071922436e-09	1.59761188111e-14
3.80113328364e-09	-1.05031475596e-14
3.81154734292e-09	-1.64229605392e-13
3.82196140219e-09	1.94443487461e-13
3.83237546147e-09	1.61762557559e-14
3.84278952075e-09	1.51078951324e-13
3.85320358003e-09	-2.0590139023e-13
3.8636176393e-09	5.01061187983e-14
3.87403169858e-09	-3.32010928353e-14
3.88444575786e-09	-2.60131136466e-13
3.89485981714e-09	5.91692629138e-14
3.90527387641e-09	2.97314798649e-14
3.91568793569e-09	-3.44492229881e-14
3.92610199497e-09	7.33888047989e-14
3.93651605425e-09	-6.21305443075e-15
3.94693011353e-09	-6.94873303862e-14
3.9573441728e-09	-3.91299338309e-14
3.96775823208e-09	4.02732792319e-14
3.97817229136e-09	6.43031499359e-14
3.98858635064e-09	-1.84293464549e-14
3.99900040991e-09	1.41220433107e-14
4.00941446919e-09	-3.15798345048e-14
4.01982852847e-09	-1.2972828649e-13
4.03024258775e-09	9.32762913674e-14
4.04065664702e-09	1.17315987654e-13
4.0510707063e-09	-2.76041515356e-14
4.06148476558e-09	1.76132925519e-13
4.07189882486e-09	2.89484080695e-14
4.08231288414e-09	1.86538582974e-13
4.09272694341e-09	-6.01634220958e-14
4.10314100269e-09	-5.08831258378e-14
4.11355506197e-09	-1.43232390466e-14
4.12396912125e-09	-3.22341505159e-14
4.13438318052e-09	-6.11400985178e-14
4.1447972398e-09	1.45197473023e-14
4.15521129908e-09	1.22349897683e-13
4.16562535836e-09	8.96588643715e-14
4.17603941763e-09	-8.64698937453e-14
4.18645347691e-09	4.46077501109e-14
4.19686753619e-09	-5.08465069094e-15
4.20728159547e-09	1.11684763542e-13
4.21769565475e-09	2.3080791293e-13
4.22810971402e-09	-1.11359258945e-13
4.2385237733e-09	8.16625684175e-14
4.24893783258e-09	-1.05408845714e-15
4.25935189186e-09	1.88767675536e-13
4.26976595113e-09	-1.82126598416e-13
4.28018001041e-09	-8.22387879909e-14
4.29059406969e-09	5.64112829799e-14
4.30100812897e-09	1.57373991768e-13
4.31142218825e-09	-1.80031160877e-13
4.32183624752e-09	-9.82083202738e-14
4.3322503068e-09	1.94634157966e-13
4.34266436608e-09	2.25465262779e-13
4.35307842536e-09	3.14418982387e-13
4.36349248463e-09	-1.11628832263e-13
4.37390654391e-09	-3.37037628438e-15
4.38432060319e-09	9.16010838145e-14
4.39473466247e-09	2.16471832864e-13
4.40514872174e-09	-6.87797529434e-16
4.41556278102e-09	1.98259594505e-13
4.4259768403e-09	4.09181626841e-14
4.43639089958e-09	-1.85693406723e-13
4.44680495886e-09	-3.35375038287e-14
4.45721901813e-09	-1.04732554281e-13
4.46763307741e-09	1.61348527854e-14
4.47804713669e-09	-1.4799008644e-13
4.48846119597e-09	-1.86700115546e-13
4.49887525524e-09	5.72116410236e-14
4.50928931452e-09	2.39912880144e-13
4.5197033738e-09	2.39192861481e-13
4.53011743308e-09	2.06391097247e-14
4.54053149235e-09	1.01667514739e-13
4.55094555163e-09	3.58660448346e-14
4.56135961091e-09	5.6319376517e-14
4.57177367019e-09	-5.06742949468e-14
4.58218772947e-09	1.11444707629e-13
4.59260178874e-09	-1.1329824611e-14
4.60301584802e-09	-2.50954788092e-14
4.6134299073e-09	-4.89146991954e-14
4.62384396658e-09	-1.90104754313e-14
4.63425802585e-09	-1.04032647568e-13
4.64467208513e-09	2.6946120438e-14
4.65508614441e-09	-2.03431157553e-14
4.66550020369e-09	1.87816545628e-14
4.67591426297e-09	1.30701913593e-13
4.68632832224e-09	-1.75774962619e-13
4.69674238152e-09	-3.71401924514e-14
4.7071564408e-09	6.05089098943e-14
4.71757050008e-09	-1.70687269386e-14
4.72798455935e-09	1.69281906201e-13
4.73839861863e-09	-2.07843914605e-13
4.74881267791e-09	6.02615288399e-14
4.75922673719e-09	-1.35803396523e-13
4.76964079646e-09	3.94818997374e-14
4.78005485574e-09	-9.18671944614e-15
4.79046891502e-09	6.67737485313e-14
4.8008829743e-09	2.34572289978e-14
4.81129703358e-09	-5.93372668166e-15
4.82171109285e-09	7.51991039425e-14
4.83212515213e-09	-1.17355235772e-13
4.84253921141e-09	1.01469342911e-13
4.85295327069e-09	-8.26574662123e-14
4.86336732996e-09	-1.64788918188e-13
4.87378138924e-09	9.84046286297e-15
4.88419544852e-09	-1.56584651929e-13
4.8946095078e-09	-6.65308330346e-14
4.90502356707e-09	-1.13287607377e-14
4.91543762635e-09	8.07917643376e-14
4.92585168563e-09	9.81100305706e-14
4.93626574491e-09	-7.20177837179e-14
