% time-domain current integration by openEMS v0.37.0-rc1 @Mon Jul  6 16:22:25 2026
% start-coordinates: (0.000307692,-6.32956e-06,0.00049641) m -> [31,20,31]
% stop-coordinates: (0.000307692,4.33522e-06,0.000501795) m -> [31,27,34]
% t/s	current
1.64727290062e-15	-0
1.04157065506e-11	4.92670036711e-11
2.08297658283e-11	-2.36850925157e-12
3.1243825106e-11	-1.89904439396e-10
4.16578843837e-11	-6.24960971862e-10
5.20719436615e-11	-1.40415323813e-09
6.24860029392e-11	-2.4742361493e-09
7.29000622169e-11	-3.43839756667e-09
8.33141214946e-11	-3.31964855604e-09
9.37281807723e-11	-4.6353010319e-10
1.0414224005e-10	7.15693593278e-09
1.14556299328e-10	2.10011101842e-08
1.24970358605e-10	4.03700148865e-08
1.35384417883e-10	6.05906436135e-08
1.45798477161e-10	7.19983148656e-08
1.56212536439e-10	6.105296535e-08
1.66626595716e-10	1.45443381783e-08
1.77040654994e-10	-7.34682643611e-08
1.87454714272e-10	-1.94256742247e-07
1.97868773549e-10	-3.20461737147e-07
2.08282832827e-10	-4.09440502835e-07
2.18696892105e-10	-4.15410767118e-07
2.29110951383e-10	-3.07598469362e-07
2.3952501066e-10	-8.73604832918e-08
2.49939069938e-10	2.04307497143e-07
2.60353129216e-10	4.94676044127e-07
2.70767188493e-10	7.01789531377e-07
2.81181247771e-10	7.6349289202e-07
2.91595307049e-10	6.60799628349e-07
3.02009366327e-10	4.25196333254e-07
3.12423425604e-10	1.26567087477e-07
3.22837484882e-10	-1.52789127128e-07
3.3325154416e-10	-3.46607265556e-07
3.43665603437e-10	-4.2393799049e-07
3.54079662715e-10	-3.92876302158e-07
3.64493721993e-10	-2.89854654056e-07
3.7490778127e-10	-1.61437881729e-07
3.85321840548e-10	-4.71778065503e-08
3.95735899826e-10	3.03567624371e-08
4.06149959104e-10	6.67795347908e-08
4.16564018381e-10	7.06325522515e-08
4.26978077659e-10	5.57886217223e-08
4.37392136937e-10	3.50652769043e-08
4.47806196214e-10	1.68501212983e-08
4.58220255492e-10	4.65003369143e-09
4.6863431477e-10	-1.56665813655e-09
4.79048374048e-10	-3.53507201289e-09
4.89462433325e-10	-3.24517657191e-09
4.99876492603e-10	-2.18593454449e-09
5.10290551881e-10	-1.17027498803e-09
5.20704611158e-10	-4.83915907346e-10
5.31118670436e-10	-1.22507559652e-10
5.41532729714e-10	2.02417371059e-11
5.51946788992e-10	4.85347873003e-11
5.62360848269e-10	5.12461492512e-13
5.72774907547e-10	-1.10506764329e-13
5.83188966825e-10	-3.16635145837e-13
5.93603026102e-10	-8.97522616124e-13
6.0401708538e-10	-1.31601001797e-14
6.14431144658e-10	1.64768968868e-13
6.24845203936e-10	-4.59842342156e-13
6.35259263213e-10	-6.27659762272e-13
6.45673322491e-10	1.46966165908e-13
6.56087381769e-10	-4.43460806271e-13
6.66501441046e-10	-8.32521714327e-14
6.76915500324e-10	4.68108624779e-14
6.87329559602e-10	-3.33302396099e-13
6.9774361888e-10	-2.65081413851e-13
7.08157678157e-10	-5.54539487246e-13
7.18571737435e-10	-1.15806845992e-13
7.28985796713e-10	6.9049524128e-13
7.3939985599e-10	4.23389350922e-13
7.49813915268e-10	-3.8558430537e-13
7.60227974546e-10	-8.46498435583e-14
7.70642033823e-10	6.16420434661e-13
7.81056093101e-10	-5.54569465436e-13
7.91470152379e-10	-1.16436686139e-13
8.01884211657e-10	4.17283259812e-13
8.12298270934e-10	1.43651150003e-13
8.22712330212e-10	2.62296586361e-13
8.3312638949e-10	1.44685668611e-13
8.43540448767e-10	-3.47366422735e-13
8.53954508045e-10	5.45185099322e-14
8.64368567323e-10	-2.12207448879e-13
8.74782626601e-10	1.13016238349e-13
8.85196685878e-10	1.46871989397e-14
8.95610745156e-10	4.89542434368e-13
9.06024804434e-10	-3.54381427632e-13
9.16438863711e-10	-5.26349688661e-13
9.26852922989e-10	2.21112733158e-14
9.37266982267e-10	4.39504091758e-13
9.47681041545e-10	-3.92410550668e-13
9.58095100822e-10	-2.90033513699e-13
9.685091601e-10	1.93307921211e-13
9.78923219378e-10	-2.20166211109e-13
9.89337278655e-10	1.57398860655e-13
9.99751337933e-10	1.35679228269e-14
1.01016539721e-09	2.64813670124e-15
1.02057945649e-09	1.48551364352e-13
1.03099351577e-09	1.95225779986e-14
1.04140757504e-09	-2.11017442127e-13
1.05182163432e-09	-2.45063111514e-13
1.0622356936e-09	1.14791273817e-13
1.07264975288e-09	3.41183271956e-13
1.08306381215e-09	3.5709309858e-14
1.09347787143e-09	-1.05122480816e-14
1.10389193071e-09	1.89914409069e-14
1.11430598999e-09	1.37932363014e-13
1.12472004927e-09	6.73365443266e-15
1.13513410854e-09	2.66637677649e-13
1.14554816782e-09	-9.86048807709e-14
1.1559622271e-09	3.46720319556e-13
1.16637628638e-09	-3.05525678541e-13
1.17679034565e-09	-4.39955689067e-14
1.18720440493e-09	-6.92286126428e-14
1.19761846421e-09	2.91461814536e-13
1.20803252349e-09	-2.63982493634e-14
1.21844658277e-09	-5.68246621632e-14
1.22886064204e-09	-1.79849787407e-13
1.23927470132e-09	-7.17736417175e-15
1.2496887606e-09	-2.22148634123e-13
1.26010281988e-09	5.9541943858e-14
1.27051687915e-09	2.66907671095e-14
1.28093093843e-09	-1.4277485715e-13
1.29134499771e-09	7.88583269322e-14
1.30175905699e-09	5.31922867298e-14
1.31217311626e-09	2.55112933816e-13
1.32258717554e-09	-1.89110296975e-13
1.33300123482e-09	2.14322429162e-13
1.3434152941e-09	2.06475583701e-13
1.35382935338e-09	2.83330487977e-14
1.36424341265e-09	-1.246154872e-14
1.37465747193e-09	-1.93898716527e-14
1.38507153121e-09	-2.39848912216e-13
1.39548559049e-09	-1.32410467139e-13
1.40589964976e-09	1.28174353726e-13
1.41631370904e-09	-6.36886783546e-14
1.42672776832e-09	-8.74075659942e-15
1.4371418276e-09	1.05739256327e-14
1.44755588687e-09	1.66158875396e-13
1.45796994615e-09	2.4985729089e-13
1.46838400543e-09	2.21961663459e-14
1.47879806471e-09	-1.85758716352e-13
1.48921212399e-09	-2.52518112757e-13
1.49962618326e-09	2.2988493162e-13
1.51004024254e-09	-2.31593037933e-13
1.52045430182e-09	1.083834899e-14
1.5308683611e-09	8.06336063457e-15
1.54128242037e-09	-6.03361626069e-14
1.55169647965e-09	2.66449460152e-15
1.56211053893e-09	1.35311683733e-13
1.57252459821e-09	-6.78386383526e-14
1.58293865748e-09	1.13667457608e-13
1.59335271676e-09	2.21130297233e-13
1.60376677604e-09	-1.44417735149e-13
1.61418083532e-09	-1.18247940736e-13
1.6245948946e-09	-1.05521087744e-13
1.63500895387e-09	-3.03540233313e-13
1.64542301315e-09	-4.17775894174e-14
1.65583707243e-09	-1.65362162982e-13
1.66625113171e-09	1.26744941582e-13
1.67666519098e-09	-1.4358972995e-13
1.68707925026e-09	-1.38916262933e-13
1.69749330954e-09	8.42212313345e-15
1.70790736882e-09	2.5985824278e-13
1.7183214281e-09	1.91752999113e-13
1.72873548737e-09	-3.32607964608e-13
1.73914954665e-09	1.26108542012e-13
1.74956360593e-09	4.38397961596e-14
1.75997766521e-09	5.61973292337e-14
1.77039172448e-09	-1.83978768093e-13
1.78080578376e-09	-1.64891429504e-13
1.79121984304e-09	1.97094741244e-13
1.80163390232e-09	-2.08904345645e-14
1.81204796159e-09	-9.67522232036e-14
1.82246202087e-09	1.98873862799e-13
1.83287608015e-09	-2.05798458787e-13
1.84329013943e-09	-5.73312556283e-14
1.85370419871e-09	-2.20546129102e-13
1.86411825798e-09	-2.11198381917e-14
1.87453231726e-09	-3.13923691729e-14
1.88494637654e-09	1.65427215112e-13
1.89536043582e-09	9.19523788709e-14
1.90577449509e-09	1.74795263983e-13
1.91618855437e-09	-1.21017711368e-13
1.92660261365e-09	-5.09781155006e-14
1.93701667293e-09	-1.52375142126e-13
1.9474307322e-09	1.16728295866e-13
1.95784479148e-09	1.97592376489e-13
1.96825885076e-09	4.45843991066e-14
1.97867291004e-09	2.82681376137e-13
1.98908696932e-09	1.34621046949e-14
1.99950102859e-09	2.09189978707e-13
2.00991508787e-09	1.784393488e-15
2.02032914715e-09	3.65814962957e-14
2.03074320643e-09	8.44911976754e-15
2.0411572657e-09	-1.18525008601e-13
2.05157132498e-09	-1.51457622485e-15
2.06198538426e-09	-1.0604286004e-13
2.07239944354e-09	3.56277778547e-14
2.08281350282e-09	-1.04431220616e-13
2.09322756209e-09	-7.53113120911e-14
2.10364162137e-09	-2.61648423197e-13
2.11405568065e-09	1.29379823912e-13
2.12446973993e-09	2.38143326673e-13
2.1348837992e-09	9.36446761606e-14
2.14529785848e-09	-5.65799170753e-14
2.15571191776e-09	8.5605893034e-15
2.16612597704e-09	2.78770984161e-13
2.17654003631e-09	1.3187693125e-13
2.18695409559e-09	-7.57507256791e-14
2.19736815487e-09	-3.61493170467e-13
2.20778221415e-09	-2.27674162075e-13
2.21819627343e-09	-1.57038593826e-13
2.2286103327e-09	-3.40718122119e-14
2.23902439198e-09	1.71358830988e-14
2.24943845126e-09	-3.05205215484e-14
2.25985251054e-09	-1.47250972266e-13
2.27026656981e-09	6.97400850177e-15
2.28068062909e-09	2.22366057317e-13
2.29109468837e-09	-2.04731644506e-13
2.30150874765e-09	3.59812277629e-14
2.31192280692e-09	2.19791632811e-14
2.3223368662e-09	1.42374705233e-13
2.33275092548e-09	-3.41888653889e-14
2.34316498476e-09	-3.05568694263e-14
2.35357904404e-09	-1.82326538849e-13
2.36399310331e-09	2.91191007938e-13
2.37440716259e-09	-3.08196935854e-14
2.38482122187e-09	-9.82537347923e-14
2.39523528115e-09	9.76520025866e-14
2.40564934042e-09	8.36814341779e-14
2.4160633997e-09	4.35908768933e-14
2.42647745898e-09	-2.20257026593e-14
2.43689151826e-09	1.25903790432e-13
2.44730557753e-09	-5.59264006633e-15
2.45771963681e-09	4.86401554884e-14
2.46813369609e-09	-8.0271401505e-14
2.47854775537e-09	1.2452576947e-14
2.48896181465e-09	1.3999545067e-13
2.49937587392e-09	-7.22764404749e-15
2.5097899332e-09	8.04842846015e-14
2.52020399248e-09	-8.58218118967e-14
2.53061805176e-09	1.15573891603e-13
2.54103211103e-09	-4.1994944848e-15
2.55144617031e-09	1.42135814837e-13
2.56186022959e-09	9.65074577869e-14
2.57227428887e-09	-1.81193791525e-13
2.58268834815e-09	9.4363143059e-14
2.59310240742e-09	-5.19715021886e-14
2.6035164667e-09	-2.21347733979e-14
2.61393052598e-09	-8.39044139072e-14
2.62434458526e-09	1.034891709e-13
2.63475864453e-09	-1.3286507311e-13
2.64517270381e-09	1.93392936214e-13
2.65558676309e-09	-4.75132899604e-14
2.66600082237e-09	-1.92001403383e-13
2.67641488164e-09	8.06410602357e-15
2.68682894092e-09	1.91879566164e-13
2.6972430002e-09	2.05278353452e-13
2.70765705948e-09	1.01052575596e-13
2.71807111876e-09	-1.74430050482e-13
2.72848517803e-09	-1.14707803802e-13
2.73889923731e-09	5.48150663315e-14
2.74931329659e-09	-1.13126494934e-13
2.75972735587e-09	8.56877706268e-14
2.77014141514e-09	8.74734041711e-14
2.78055547442e-09	6.88396551134e-14
2.7909695337e-09	-8.60581815228e-14
2.80138359298e-09	1.00358401602e-13
2.81179765225e-09	-5.01211621035e-14
2.82221171153e-09	6.27648296834e-14
2.83262577081e-09	6.16947221392e-14
2.84303983009e-09	1.73692942082e-13
2.85345388937e-09	-1.50766701098e-13
2.86386794864e-09	-2.11457926364e-13
2.87428200792e-09	-9.20578310847e-14
2.8846960672e-09	8.70874417502e-14
2.89511012648e-09	2.40366239282e-13
2.90552418575e-09	1.46025254605e-13
2.91593824503e-09	6.55138513968e-14
2.92635230431e-09	-5.42436917866e-14
2.93676636359e-09	-1.40956826289e-13
2.94718042287e-09	-9.34172579787e-14
2.95759448214e-09	-1.1312829742e-13
2.96800854142e-09	1.69492431158e-13
2.9784226007e-09	-1.46589215918e-13
2.98883665998e-09	-1.98639255001e-14
2.99925071925e-09	-5.7551416432e-14
3.00966477853e-09	-1.07859413675e-14
3.02007883781e-09	2.42914819119e-14
3.03049289709e-09	5.99775627384e-14
3.04090695636e-09	-7.2674464645e-14
3.05132101564e-09	5.81703738997e-14
3.06173507492e-09	2.31083002126e-13
3.0721491342e-09	-4.16388250919e-14
3.08256319348e-09	4.45067837836e-14
3.09297725275e-09	-1.51502752401e-13
3.10339131203e-09	-1.07975585938e-13
3.11380537131e-09	9.63159131444e-14
3.12421943059e-09	1.23154443457e-13
3.13463348986e-09	-2.41764561929e-13
3.14504754914e-09	8.6290593811e-14
3.15546160842e-09	-6.22858291636e-14
3.1658756677e-09	-4.21354032394e-14
3.17628972697e-09	-1.64300295374e-13
3.18670378625e-09	-9.92115460965e-14
3.19711784553e-09	-6.06271489175e-14
3.20753190481e-09	1.66971254531e-13
3.21794596409e-09	1.17934375915e-13
3.22836002336e-09	5.66686319181e-14
3.23877408264e-09	-3.27542490743e-14
3.24918814192e-09	4.20666783742e-14
3.2596022012e-09	6.81301125542e-14
3.27001626047e-09	2.64096470387e-13
3.28043031975e-09	-1.17754357697e-13
3.29084437903e-09	2.92258892868e-14
3.30125843831e-09	-1.59520861147e-13
3.31167249758e-09	6.65802726537e-14
3.32208655686e-09	-4.05244143364e-14
3.33250061614e-09	1.02234701553e-13
3.34291467542e-09	4.02060112634e-14
3.3533287347e-09	-8.0318808245e-14
3.36374279397e-09	3.91134336291e-14
3.37415685325e-09	2.15192447195e-14
3.38457091253e-09	1.46533664109e-13
3.39498497181e-09	1.34900174798e-13
3.40539903108e-09	2.30016770604e-13
3.41581309036e-09	-1.42348047412e-13
3.42622714964e-09	-1.27082887399e-13
3.43664120892e-09	-1.33102730226e-13
3.4470552682e-09	-1.6633436707e-13
3.45746932747e-09	2.91376216774e-14
3.46788338675e-09	-1.24746675663e-13
3.47829744603e-09	1.13214037483e-13
3.48871150531e-09	1.33538294897e-13
3.49912556458e-09	-1.33977030858e-13
3.50953962386e-09	-4.3018797617e-14
3.51995368314e-09	-4.32062697252e-15
3.53036774242e-09	-2.00725937607e-14
3.54078180169e-09	-3.69760103612e-14
3.55119586097e-09	-8.99785481583e-14
3.56160992025e-09	-6.36997101117e-14
3.57202397953e-09	-1.85505365409e-13
3.58243803881e-09	-7.87748365887e-14
3.59285209808e-09	1.03761048148e-13
3.60326615736e-09	-2.09128246946e-13
3.61368021664e-09	5.59518252043e-14
3.62409427592e-09	-6.51696307596e-14
3.63450833519e-09	-1.25119871603e-13
3.64492239447e-09	8.63806639065e-14
3.65533645375e-09	-1.82259128579e-14
3.66575051303e-09	-1.94274799156e-14
3.6761645723e-09	-2.22475683709e-13
3.68657863158e-09	-5.80630514372e-14
3.69699269086e-09	-8.32368435245e-14
3.70740675014e-09	4.93095690147e-14
3.71782080942e-09	2.01936964329e-13
3.72823486869e-09	1.1880504447e-13
3.73864892797e-09	-1.59494000038e-14
3.74906298725e-09	-2.77060817865e-14
3.75947704653e-09	1.5390537152e-13
3.7698911058e-09	-1.10640270275e-13
3.78030516508e-09	-1.43687633406e-13
3.79071922436e-09	-1.40315358074e-13
3.80113328364e-09	1.31976718508e-13
3.81154734292e-09	-1.28704650561e-13
3.82196140219e-09	5.26382865247e-15
3.83237546147e-09	-2.61544800574e-14
3.84278952075e-09	1.24474215657e-13
3.85320358003e-09	7.86624861386e-14
3.8636176393e-09	-5.16141898102e-14
3.87403169858e-09	-9.55597363392e-14
3.88444575786e-09	-3.06676125467e-13
3.89485981714e-09	2.84962483298e-14
3.90527387641e-09	1.73791211457e-13
3.91568793569e-09	2.38705404184e-14
3.92610199497e-09	5.98772604849e-14
3.93651605425e-09	1.49109105054e-14
3.94693011353e-09	1.83002078118e-13
3.9573441728e-09	-5.00232179897e-14
3.96775823208e-09	-6.82469488908e-14
3.97817229136e-09	9.83506760191e-14
3.98858635064e-09	1.85747603279e-13
3.99900040991e-09	9.66272689033e-14
4.00941446919e-09	3.05574928425e-14
4.01982852847e-09	-1.7811243474e-13
4.03024258775e-09	3.36376434519e-15
4.04065664702e-09	-7.32150885058e-15
4.0510707063e-09	8.80106534526e-14
4.06148476558e-09	-5.90485505544e-14
4.07189882486e-09	6.26328687265e-15
4.08231288414e-09	-1.45757429564e-13
4.09272694341e-09	1.34206854614e-13
4.10314100269e-09	1.0223436274e-13
4.11355506197e-09	6.30172997118e-14
4.12396912125e-09	1.15870176952e-13
4.13438318052e-09	-1.20983125319e-13
4.1447972398e-09	4.06936311904e-15
4.15521129908e-09	-2.64763525774e-13
4.16562535836e-09	-3.70301391547e-14
4.17603941763e-09	6.199332497e-16
4.18645347691e-09	8.80445618755e-14
4.19686753619e-09	8.43914646281e-14
4.20728159547e-09	-1.2153646145e-13
4.21769565475e-09	8.25945214999e-15
4.22810971402e-09	1.24126539125e-13
4.2385237733e-09	-1.29986353712e-13
4.24893783258e-09	-3.18400362499e-14
4.25935189186e-09	7.27027555454e-14
4.26976595113e-09	-6.30667799885e-14
4.28018001041e-09	7.5955287524e-14
4.29059406969e-09	-9.43842578963e-14
4.30100812897e-09	-3.0975195282e-14
4.31142218825e-09	-9.90844776019e-14
4.32183624752e-09	9.48239425348e-14
4.3322503068e-09	5.74707517903e-14
4.34266436608e-09	9.99447242632e-14
4.35307842536e-09	1.31070311939e-13
4.36349248463e-09	1.13906442872e-13
4.37390654391e-09	2.92242765361e-14
4.38432060319e-09	7.02574662944e-14
4.39473466247e-09	-5.12167619513e-14
4.40514872174e-09	-9.66562713114e-14
4.41556278102e-09	1.40613378146e-13
4.4259768403e-09	-4.25154567585e-14
4.43639089958e-09	2.79135980823e-14
4.44680495886e-09	-1.22074252833e-14
4.45721901813e-09	4.2074335552e-14
4.46763307741e-09	2.30514392296e-14
4.47804713669e-09	-9.56976197505e-14
4.48846119597e-09	1.20744085845e-13
4.49887525524e-09	4.35866891624e-14
4.50928931452e-09	8.80236367736e-14
4.5197033738e-09	7.94555800277e-14
4.53011743308e-09	-1.11271587647e-13
4.54053149235e-09	1.84107964334e-14
4.55094555163e-09	9.58970519638e-14
4.56135961091e-09	-1.51004290452e-14
4.57177367019e-09	-7.53305295746e-14
4.58218772947e-09	-5.6692796074e-14
4.59260178874e-09	-2.70836006616e-14
4.60301584802e-09	7.4894544776e-14
4.6134299073e-09	-9.77469109343e-14
4.62384396658e-09	3.83138345269e-14
4.63425802585e-09	8.54201692019e-14
4.64467208513e-09	-1.12533666738e-13
4.65508614441e-09	-1.49845955956e-14
4.66550020369e-09	-7.81570175332e-14
4.67591426297e-09	8.59675015636e-14
4.68632832224e-09	-3.35472209907e-14
4.69674238152e-09	4.60481398021e-14
4.7071564408e-09	-4.95502076869e-15
4.71757050008e-09	-1.09956043836e-13
4.72798455935e-09	-1.47646096195e-13
4.73839861863e-09	-8.52006318145e-14
4.74881267791e-09	1.82855575299e-14
4.75922673719e-09	2.82338985091e-14
4.76964079646e-09	-2.75217945222e-14
4.78005485574e-09	1.92178114785e-13
4.79046891502e-09	1.17424299451e-13
4.8008829743e-09	6.18622991375e-14
4.81129703358e-09	3.71916717258e-14
4.82171109285e-09	-4.34694733551e-14
4.83212515213e-09	1.64695731011e-15
4.84253921141e-09	-3.80709325827e-14
4.85295327069e-09	-6.60279394094e-14
4.86336732996e-09	1.32248595755e-13
4.87378138924e-09	-1.27663477663e-13
4.88419544852e-09	-7.0152718812e-14
4.8946095078e-09	-2.01267225542e-13
4.90502356707e-09	1.382334053e-13
4.91543762635e-09	6.4436452593e-14
4.92585168563e-09	-2.64657816062e-15
4.93626574491e-09	2.3184126602e-13
