% time-domain voltage integration by openEMS v0.37.0-rc1 @Mon Jul  6 16:22:25 2026
% start-coordinates: (0.000346154,4.33522e-06,0.0005) m -> [32,27,33]
% stop-coordinates: (0.000346154,1.16478e-05,0.0005) m -> [32,31,33]
% t/s	voltage
0	0
1.04140592777e-11	-1.28935033483e-09
2.08281185554e-11	3.92587906628e-11
3.12421778331e-11	4.60213067655e-09
4.16562371108e-11	1.53587753626e-08
5.20702963886e-11	3.46341413326e-08
6.24843556663e-11	6.12987181015e-08
7.2898414944e-11	8.5678228956e-08
8.33124742217e-11	8.34944478001e-08
9.37265334994e-11	1.38188269716e-08
1.04140592777e-10	-1.73981824503e-07
1.14554652055e-10	-5.16991192967e-07
1.24968711333e-10	-9.99173963123e-07
1.3538277061e-10	-1.50595334958e-06
1.45796829888e-10	-1.79806926326e-06
1.56210889166e-10	-1.53829677174e-06
1.66624948443e-10	-3.9483784775e-07
1.77039007721e-10	1.78591744771e-06
1.87453066999e-10	4.79414364918e-06
1.97867126277e-10	7.95485323124e-06
2.08281185554e-10	1.02073960306e-05
2.18695244832e-10	1.04051094922e-05
2.2910930411e-10	7.76741626396e-06
2.39523363387e-10	2.31009533991e-06
2.49937422665e-10	-4.96073130307e-06
2.60351481943e-10	-1.22383096368e-05
2.7076554122e-10	-1.74720805717e-05
2.81179600498e-10	-1.90927955828e-05
2.91593659776e-10	-1.66019126482e-05
3.02007719054e-10	-1.07633433117e-05
3.12421778331e-10	-3.31047078816e-06
3.22835837609e-10	3.69894883079e-06
3.33249896887e-10	8.59537681208e-06
3.43663956164e-10	1.05859988935e-05
3.54078015442e-10	9.8556076864e-06
3.6449207472e-10	7.30506053515e-06
3.74906133998e-10	4.09747553931e-06
3.85320193275e-10	1.22787848511e-06
3.95734252553e-10	-7.30422826223e-07
4.06148311831e-10	-1.65975842492e-06
4.16562371108e-10	-1.76902187832e-06
4.26976430386e-10	-1.40397457926e-06
4.37390489664e-10	-8.865575154e-07
4.47804548942e-10	-4.28898417226e-07
4.58218608219e-10	-1.20785045965e-07
4.68632667497e-10	3.72295789752e-08
4.79046726775e-10	8.80402843961e-08
4.89460786052e-10	8.15189027392e-08
4.9987484533e-10	5.51897176848e-08
5.10288904608e-10	2.96855189319e-08
5.20702963886e-10	1.23497634341e-08
5.31117023163e-10	3.18353088335e-09
5.41531082441e-10	-4.57788980335e-10
5.51945141719e-10	-1.24635779475e-09
5.62359200996e-10	5.41738568068e-11
5.72773260274e-10	-5.05660205548e-12
5.83187319552e-10	1.4424354506e-11
5.9360137883e-10	1.24643269881e-12
6.04015438107e-10	2.26560293963e-11
6.14429497385e-10	2.75780402204e-12
6.24843556663e-10	-8.69229812911e-12
6.3525761594e-10	1.71683798905e-11
6.45671675218e-10	1.22749410462e-11
6.56085734496e-10	-5.79042369608e-12
6.66499793773e-10	-1.55568991933e-11
6.76913853051e-10	-8.87712863287e-13
6.87327912329e-10	-4.88199411453e-12
6.97741971607e-10	5.08019407791e-12
7.08156030884e-10	1.2127765155e-11
7.18570090162e-10	-1.71485252214e-11
7.2898414944e-10	-1.25568236364e-11
7.39398208717e-10	7.92973672836e-12
7.49812267995e-10	6.04024219964e-12
7.60226327273e-10	-1.08662089743e-11
7.70640386551e-10	-1.43477135554e-11
7.81054445828e-10	1.42397552083e-11
7.91468505106e-10	-1.09353032272e-11
8.01882564384e-10	4.78331024963e-13
8.12296623661e-10	8.35528385845e-12
8.22710682939e-10	3.20617176471e-12
8.33124742217e-10	4.23561955908e-12
8.43538801495e-10	-6.94130798846e-12
8.53952860772e-10	-6.95179656028e-12
8.6436692005e-10	3.24824314581e-13
8.74780979328e-10	9.48697760975e-12
8.85195038605e-10	-9.4583568408e-12
8.95609097883e-10	5.69094332206e-12
9.06023157161e-10	-3.30443485075e-12
9.16437216439e-10	1.96876803055e-13
9.26851275716e-10	-1.13695364972e-12
9.37265334994e-10	2.4122078033e-12
9.47679394272e-10	1.56229698232e-11
9.58093453549e-10	1.49342452467e-12
9.68507512827e-10	-2.52020192909e-12
9.78921572105e-10	3.73084809574e-12
9.89335631383e-10	1.20371009167e-12
9.9974969066e-10	1.07696924295e-11
1.01016374994e-09	-4.12050298396e-12
1.02057780922e-09	-6.25679185112e-12
1.03099186849e-09	1.16313729481e-12
1.04140592777e-09	1.24314577729e-12
1.05181998705e-09	-2.6228956073e-12
1.06223404633e-09	-4.27157332943e-12
1.0726481056e-09	7.85818242074e-13
1.08306216488e-09	-2.56493535179e-12
1.09347622416e-09	-4.36963356124e-12
1.10389028344e-09	4.0230393886e-12
1.11430434272e-09	2.89307998131e-12
1.12471840199e-09	9.46255335373e-13
1.13513246127e-09	-2.96316140028e-13
1.14554652055e-09	-9.45061628781e-13
1.15596057983e-09	6.84945611513e-12
1.1663746391e-09	8.44908344677e-13
1.17678869838e-09	8.04773598023e-12
1.18720275766e-09	2.66892188688e-12
1.19761681694e-09	1.01760839338e-11
1.20803087621e-09	1.12889957256e-11
1.21844493549e-09	1.40520440336e-12
1.22885899477e-09	-1.84571986601e-12
1.23927305405e-09	-2.47967087402e-12
1.24968711333e-09	-1.10514722373e-12
1.2601011726e-09	3.560297673e-13
1.27051523188e-09	1.9634849302e-12
1.28092929116e-09	-8.92873508419e-12
1.29134335044e-09	-8.68964232167e-12
1.30175740971e-09	-4.0664954043e-13
1.31217146899e-09	1.26434286218e-11
1.32258552827e-09	4.50355247886e-12
1.33299958755e-09	-9.19629563473e-12
1.34341364682e-09	-4.19376989733e-14
1.3538277061e-09	-1.44238874317e-12
1.36424176538e-09	9.30543250961e-12
1.37465582466e-09	-6.6052053692e-12
1.38506988394e-09	-2.94017317003e-12
1.39548394321e-09	-6.06193507934e-12
1.40589800249e-09	1.72496565642e-15
1.41631206177e-09	6.13825852126e-12
1.42672612105e-09	-5.60565211871e-12
1.43714018032e-09	2.86842381444e-12
1.4475542396e-09	-2.28605993185e-12
1.45796829888e-09	8.51668426538e-12
1.46838235816e-09	4.24199043947e-12
1.47879641743e-09	-5.93100720446e-12
1.48921047671e-09	-3.49774723074e-12
1.49962453599e-09	6.47039293347e-12
1.51003859527e-09	-3.48958503153e-12
1.52045265455e-09	7.99539064513e-12
1.53086671382e-09	-5.40476517707e-13
1.5412807731e-09	3.05632944083e-12
1.55169483238e-09	-4.01956289434e-12
1.56210889166e-09	-2.57131436369e-12
1.57252295093e-09	1.51324211408e-12
1.58293701021e-09	-6.32688324474e-12
1.59335106949e-09	-1.23943607114e-13
1.60376512877e-09	-7.53234085347e-12
1.61417918805e-09	-5.49067518882e-13
1.62459324732e-09	6.98403932343e-12
1.6350073066e-09	1.32481352277e-12
1.64542136588e-09	-6.80666124592e-12
1.65583542516e-09	-3.12655907024e-13
1.66624948443e-09	5.71011857589e-12
1.67666354371e-09	-3.1172330342e-13
1.68707760299e-09	-3.33297441295e-12
1.69749166227e-09	8.22255349746e-13
1.70790572154e-09	-3.0232378016e-12
1.71831978082e-09	2.24566459178e-12
1.7287338401e-09	-1.70190326675e-12
1.73914789938e-09	1.60133158903e-12
1.74956195866e-09	-4.85294492309e-12
1.75997601793e-09	9.23326085728e-13
1.77039007721e-09	3.02663319754e-12
1.78080413649e-09	1.57422447473e-12
1.79121819577e-09	5.07538753863e-12
1.80163225504e-09	-2.3683549696e-12
1.81204631432e-09	-2.35173946289e-12
1.8224603736e-09	1.70152889174e-12
1.83287443288e-09	1.648228754e-12
1.84328849215e-09	1.64240322731e-12
1.85370255143e-09	-8.48905158408e-12
1.86411661071e-09	-1.06510568594e-12
1.87453066999e-09	-4.66652844838e-12
1.88494472927e-09	3.22244260356e-12
1.89535878854e-09	6.11073713332e-12
1.90577284782e-09	1.59046034806e-12
1.9161869071e-09	5.58289167934e-12
1.92660096638e-09	1.34437318049e-12
1.93701502565e-09	-1.37470590467e-12
1.94742908493e-09	-2.90407834499e-12
1.95784314421e-09	-1.73628949759e-12
1.96825720349e-09	7.10729012535e-12
1.97867126277e-09	1.0278037102e-12
1.98908532204e-09	2.81570491749e-12
1.99949938132e-09	-5.45274676106e-12
2.0099134406e-09	7.75492083743e-13
2.02032749988e-09	6.31616525575e-12
2.03074155915e-09	7.66771617988e-12
2.04115561843e-09	-2.78212598358e-12
2.05156967771e-09	1.26156181855e-12
2.06198373699e-09	1.21696706532e-12
2.07239779626e-09	1.03097565207e-12
2.08281185554e-09	-1.48065002099e-12
2.09322591482e-09	8.68848504428e-12
2.1036399741e-09	5.50825661125e-13
2.11405403338e-09	-8.3484251413e-12
2.12446809265e-09	-5.01301214081e-12
2.13488215193e-09	6.90721853086e-12
2.14529621121e-09	7.18869831284e-12
2.15571027049e-09	-3.43428985337e-12
2.16612432976e-09	7.10123032968e-12
2.17653838904e-09	6.01047965738e-12
2.18695244832e-09	5.94917257818e-12
2.1973665076e-09	-2.36421503848e-12
2.20778056687e-09	-4.36310568838e-12
2.21819462615e-09	-7.07679661399e-12
2.22860868543e-09	3.33398304624e-12
2.23902274471e-09	2.35703275474e-13
2.24943680399e-09	4.2789276896e-12
2.25985086326e-09	3.13903352096e-12
2.27026492254e-09	1.32420420115e-12
2.28067898182e-09	-3.73754727254e-12
2.2910930411e-09	4.04020415214e-12
2.30150710037e-09	1.09606551266e-13
2.31192115965e-09	-1.1436171888e-11
2.32233521893e-09	-3.64151634194e-12
2.33274927821e-09	-1.39489185176e-12
2.34316333748e-09	5.26796271536e-12
2.35357739676e-09	-2.95225812113e-13
2.36399145604e-09	-5.15714023135e-12
2.37440551532e-09	2.56920331364e-12
2.3848195746e-09	-3.85453854165e-12
2.39523363387e-09	-6.75198287038e-13
2.40564769315e-09	-8.70738182078e-12
2.41606175243e-09	-6.59579032017e-12
2.42647581171e-09	3.19841887892e-12
2.43688987098e-09	2.00115339338e-12
2.44730393026e-09	2.92613237243e-12
2.45771798954e-09	-3.63325407086e-12
2.46813204882e-09	-4.34324305036e-12
2.4785461081e-09	-7.88750933057e-12
2.48896016737e-09	-8.83127230199e-13
2.49937422665e-09	1.37556849591e-12
2.50978828593e-09	1.48514252112e-12
2.52020234521e-09	3.96372604877e-13
2.53061640448e-09	-3.33758194693e-13
2.54103046376e-09	1.72469302024e-12
2.55144452304e-09	4.36203590609e-13
2.56185858232e-09	3.00638333672e-12
2.57227264159e-09	-3.47558331941e-12
2.58268670087e-09	6.42866857838e-12
2.59310076015e-09	-1.02826471296e-12
2.60351481943e-09	9.57151328682e-12
2.61392887871e-09	4.88777730312e-12
2.62434293798e-09	-1.88889182073e-12
2.63475699726e-09	7.1662667662e-12
2.64517105654e-09	-1.94778481538e-12
2.65558511582e-09	6.60585540262e-12
2.66599917509e-09	-1.02044783214e-12
2.67641323437e-09	6.60472718184e-12
2.68682729365e-09	5.18827212095e-12
2.69724135293e-09	-5.83710597218e-13
2.7076554122e-09	-3.22150769602e-12
2.71806947148e-09	-3.20182443926e-12
2.72848353076e-09	-2.17993385929e-12
2.73889759004e-09	7.28003085333e-12
2.74931164932e-09	4.45466775446e-12
2.75972570859e-09	4.02619116432e-12
2.77013976787e-09	3.97945608757e-12
2.78055382715e-09	-5.25552420593e-12
2.79096788643e-09	4.45476966947e-12
2.8013819457e-09	-1.02160033905e-13
2.81179600498e-09	7.77933490195e-13
2.82221006426e-09	7.33425689972e-13
2.83262412354e-09	-3.74092781492e-12
2.84303818282e-09	-4.15052692736e-12
2.85345224209e-09	3.27234929692e-12
2.86386630137e-09	6.244402185e-12
2.87428036065e-09	-3.83370727742e-12
2.88469441993e-09	-4.54318754926e-12
2.8951084792e-09	-4.6008916078e-13
2.90552253848e-09	-5.45423081699e-14
2.91593659776e-09	-5.54264305893e-12
2.92635065704e-09	1.17199088975e-12
2.93676471631e-09	-1.91360599242e-13
2.94717877559e-09	-8.86405965989e-13
2.95759283487e-09	-5.72294772336e-12
2.96800689415e-09	-1.28652318833e-12
2.97842095343e-09	4.26263906984e-12
2.9888350127e-09	-1.36040744642e-12
2.99924907198e-09	1.72569911919e-12
3.00966313126e-09	8.39113067225e-13
3.02007719054e-09	-1.18828254528e-12
3.03049124981e-09	-3.90085598372e-12
3.04090530909e-09	4.70701602695e-13
3.05131936837e-09	-3.41369662572e-12
3.06173342765e-09	-2.29259433703e-12
3.07214748692e-09	-3.53753484839e-13
3.0825615462e-09	1.74444725158e-12
3.09297560548e-09	-1.5692047271e-12
3.10338966476e-09	-9.78196473475e-13
3.11380372404e-09	2.3249128317e-12
3.12421778331e-09	-4.76887778399e-12
3.13463184259e-09	6.74428828756e-12
3.14504590187e-09	1.22474122857e-12
3.15545996115e-09	2.49816790518e-12
3.16587402042e-09	-5.22240237166e-13
3.1762880797e-09	-4.15583886748e-12
3.18670213898e-09	5.68759579364e-12
3.19711619826e-09	-9.73718067981e-13
3.20753025753e-09	1.61868435322e-12
3.21794431681e-09	-1.41430270273e-12
3.22835837609e-09	-8.41201977866e-12
3.23877243537e-09	3.11862970344e-12
3.24918649465e-09	-6.17310022544e-13
3.25960055392e-09	4.48679201431e-12
3.2700146132e-09	1.04069704243e-12
3.28042867248e-09	2.52011931288e-12
3.29084273176e-09	-9.57900425647e-13
3.30125679103e-09	2.15936730302e-12
3.31167085031e-09	5.04355021289e-13
3.32208490959e-09	3.03142720073e-12
3.33249896887e-09	-3.82836617225e-12
3.34291302815e-09	2.44882890008e-12
3.35332708742e-09	-6.11906976911e-12
3.3637411467e-09	-1.7854220706e-12
3.37415520598e-09	3.94396418735e-12
3.38456926526e-09	-2.14054891434e-12
3.39498332453e-09	-4.91944549333e-12
3.40539738381e-09	1.83843093743e-12
3.41581144309e-09	6.47347431736e-12
3.42622550237e-09	1.99459502734e-12
3.43663956164e-09	6.88827543182e-12
3.44705362092e-09	1.24693105234e-12
3.4574676802e-09	-9.92240361056e-13
3.46788173948e-09	3.61089223843e-13
3.47829579876e-09	-2.65186613987e-12
3.48870985803e-09	9.88230764581e-14
3.49912391731e-09	-1.14043171608e-12
3.50953797659e-09	-6.07757767723e-13
3.51995203587e-09	-2.50696707317e-12
3.53036609514e-09	4.18730610081e-12
3.54078015442e-09	-2.49721163886e-12
3.5511942137e-09	9.20979004865e-13
3.56160827298e-09	-5.40995200027e-15
3.57202233225e-09	8.94595882832e-12
3.58243639153e-09	-5.49394199838e-12
3.59285045081e-09	-1.51581934396e-12
3.60326451009e-09	-2.90353873757e-12
3.61367856937e-09	-2.15444404938e-12
3.62409262864e-09	1.77697331676e-12
3.63450668792e-09	4.91765027137e-12
3.6449207472e-09	-1.79016892456e-12
3.65533480648e-09	5.73895206531e-13
3.66574886575e-09	1.18510192978e-12
3.67616292503e-09	2.6616913968e-12
3.68657698431e-09	4.85219129416e-12
3.69699104359e-09	4.8633712617e-12
3.70740510287e-09	2.76094614836e-12
3.71781916214e-09	-3.04921756247e-12
3.72823322142e-09	-1.39164195575e-12
3.7386472807e-09	-6.31482930183e-13
3.74906133998e-09	-6.71275751998e-13
3.75947539925e-09	-1.27427300482e-12
3.76988945853e-09	3.69066664166e-12
3.78030351781e-09	7.13530889105e-12
3.79071757709e-09	7.38782299226e-13
3.80113163636e-09	2.94513068447e-12
3.81154569564e-09	-9.80062829937e-12
3.82195975492e-09	3.71744909161e-12
3.8323738142e-09	7.12025273811e-13
3.84278787348e-09	-1.97656580231e-12
3.85320193275e-09	2.56171342819e-12
3.86361599203e-09	-2.77016473996e-13
3.87403005131e-09	-9.86817073369e-13
3.88444411059e-09	-1.0918967282e-12
3.89485816986e-09	-1.89898509244e-12
3.90527222914e-09	-5.03946618593e-12
3.91568628842e-09	-3.4971201282e-13
3.9261003477e-09	4.47573163427e-12
3.93651440697e-09	-2.60700532342e-12
3.94692846625e-09	-3.90700167531e-12
3.95734252553e-09	2.5446921046e-12
3.96775658481e-09	1.03800280003e-12
3.97817064409e-09	-7.62969049918e-12
3.98858470336e-09	5.73325875707e-12
3.99899876264e-09	1.15473342693e-12
4.00941282192e-09	-3.3749655631e-12
4.0198268812e-09	-3.17463286562e-13
4.03024094047e-09	9.05611956953e-13
4.04065499975e-09	4.1273106894e-12
4.05106905903e-09	-1.6115179937e-12
4.06148311831e-09	4.04278650487e-12
4.07189717758e-09	-4.36735229144e-12
4.08231123686e-09	2.06801264481e-13
4.09272529614e-09	-2.62235155465e-12
4.10313935542e-09	5.53635413068e-12
4.1135534147e-09	6.19901439208e-12
4.12396747397e-09	6.2180806836e-12
4.13438153325e-09	3.71756965489e-12
4.14479559253e-09	2.00215679539e-12
4.15520965181e-09	2.06068669073e-12
4.16562371108e-09	1.28666261673e-12
4.17603777036e-09	-7.6267974141e-13
4.18645182964e-09	2.4498393765e-13
4.19686588892e-09	1.41244242864e-12
4.2072799482e-09	-1.17496431421e-12
4.21769400747e-09	2.36278011045e-14
4.22810806675e-09	-1.07240139078e-12
4.23852212603e-09	-1.76169528184e-12
4.24893618531e-09	1.26098046935e-12
4.25935024458e-09	-2.79679231163e-12
4.26976430386e-09	2.11056541168e-13
4.28017836314e-09	4.84539578599e-12
4.29059242242e-09	-4.09701569545e-14
4.30100648169e-09	4.18788300479e-12
4.31142054097e-09	1.57357937444e-12
4.32183460025e-09	4.71864734786e-12
4.33224865953e-09	-4.24912443555e-12
4.34266271881e-09	2.22677670574e-13
4.35307677808e-09	7.9676296485e-13
4.36349083736e-09	-1.59717681789e-12
4.37390489664e-09	-5.41379484645e-12
4.38431895592e-09	-1.05639650673e-12
4.39473301519e-09	-3.22640091727e-12
4.40514707447e-09	5.03237685898e-12
4.41556113375e-09	-6.52179265453e-13
4.42597519303e-09	6.36110955576e-13
4.4363892523e-09	-1.04245019734e-12
4.44680331158e-09	-5.1265448592e-12
4.45721737086e-09	-3.86847390059e-12
4.46763143014e-09	-7.49144821698e-12
4.47804548942e-09	-4.36850154575e-12
4.48845954869e-09	-2.67278039978e-12
4.49887360797e-09	-4.17901206261e-12
4.50928766725e-09	-5.13150044917e-12
4.51970172653e-09	1.59324647659e-12
4.5301157858e-09	-6.04085141284e-13
4.54052984508e-09	4.83649145039e-13
4.55094390436e-09	4.52181152764e-12
4.56135796364e-09	-2.32435468442e-12
4.57177202291e-09	-3.40734439361e-12
4.58218608219e-09	-5.55516071511e-12
4.59260014147e-09	-3.84609011306e-13
4.60301420075e-09	-2.68601547254e-12
4.61342826003e-09	3.10656643639e-12
4.6238423193e-09	-1.56647958494e-12
4.63425637858e-09	3.78977665222e-13
4.64467043786e-09	-6.84402187701e-13
4.65508449714e-09	1.75599010159e-13
4.66549855641e-09	7.01936338915e-13
4.67591261569e-09	1.73124427121e-12
4.68632667497e-09	-2.1210062786e-12
4.69674073425e-09	-5.91445273833e-12
4.70715479353e-09	-6.09850397178e-12
4.7175688528e-09	-1.28345386619e-12
4.72798291208e-09	-4.16028648163e-12
4.73839697136e-09	-2.93557235811e-12
4.74881103064e-09	2.8732902559e-13
4.75922508991e-09	3.27469399253e-12
4.76963914919e-09	2.75550621816e-12
4.78005320847e-09	-2.68185191936e-12
4.79046726775e-09	1.48047633181e-12
4.80088132702e-09	-8.10367343975e-13
4.8112953863e-09	-2.82176216529e-12
4.82170944558e-09	6.76680066147e-13
4.83212350486e-09	-1.17470668067e-12
4.84253756414e-09	4.03587509549e-12
4.85295162341e-09	-2.29260404064e-12
4.86336568269e-09	-1.50451347344e-12
4.87377974197e-09	5.13820561619e-12
4.88419380125e-09	-3.12631214319e-13
4.89460786052e-09	-7.17786192896e-12
4.9050219198e-09	5.80902144963e-12
4.91543597908e-09	9.28766178548e-13
4.92585003836e-09	-4.09567887417e-13
4.93626409763e-09	-7.73516450545e-14
