% time-domain voltage integration by openEMS v0.37.0-rc1 @Fri Jul  3 17:20:02 2026
% start-coordinates: (-0.000307692,5e-06,0.0005) m -> [9,22,17]
% stop-coordinates: (-0.000307692,1.0983e-05,0.0005) m -> [9,26,17]
% t/s	voltage
0	0
1.38877776201e-11	-2.9506728727e-09
2.77755552402e-11	4.77163653034e-09
4.16633328603e-11	2.16334163916e-08
5.55511104804e-11	4.77383004238e-08
6.94388881004e-11	7.57514975191e-08
8.33266657205e-11	8.67959126793e-08
9.72144433406e-11	4.98029084639e-08
1.11102220961e-10	-7.04092411041e-08
1.24989998581e-10	-2.93031909848e-07
1.38877776201e-10	-5.89869145529e-07
1.52765553821e-10	-8.54872823197e-07
1.66653331441e-10	-8.95289971936e-07
1.80541109061e-10	-4.71502630717e-07
1.94428886681e-10	5.99315981731e-07
2.08316664301e-10	2.28925824786e-06
2.22204441921e-10	4.2122475179e-06
2.36092219542e-10	5.57748489882e-06
2.49979997162e-10	5.33903153155e-06
2.63867774782e-10	2.57973738371e-06
2.77755552402e-10	-2.94839543358e-06
2.91643330022e-10	-1.03389954802e-05
3.05531107642e-10	-1.7389515051e-05
3.19418885262e-10	-2.10388971027e-05
3.33306662882e-10	-1.8408802589e-05
3.47194440502e-10	-8.16146712168e-06
3.61082218122e-10	8.38361620481e-06
3.74969995742e-10	2.6994511245e-05
3.88857773362e-10	4.15044623878e-05
4.02745550983e-10	4.58835093013e-05
4.16633328603e-10	3.66992208001e-05
4.30521106223e-10	1.49305803916e-05
4.44408883843e-10	-1.37779616125e-05
4.58296661463e-10	-4.07463758165e-05
4.72184439083e-10	-5.72718381591e-05
4.86072216703e-10	-5.78555100219e-05
4.99959994323e-10	-4.23020210292e-05
5.13847771943e-10	-1.57945132742e-05
5.27735549563e-10	1.30871490001e-05
5.41623327183e-10	3.55567062797e-05
5.55511104804e-10	4.56909510831e-05
5.69398882424e-10	4.21785689468e-05
5.83286660044e-10	2.81931811514e-05
5.97174437664e-10	9.66193965724e-06
6.11062215284e-10	-7.18467515526e-06
6.24949992904e-10	-1.79381286216e-05
6.38837770524e-10	-2.10749653888e-05
6.52725548144e-10	-1.77788238034e-05
6.66613325764e-10	-1.08645297132e-05
6.80501103384e-10	-3.41788302194e-06
6.94388881004e-10	2.27965404065e-06
7.08276658625e-10	5.23190567492e-06
7.22164436245e-10	5.62024536066e-06
7.36052213865e-10	4.3329514483e-06
7.49939991485e-10	2.42084990987e-06
7.63827769105e-10	6.99185420672e-07
7.77715546725e-10	-4.1803685491e-07
7.91603324345e-10	-8.82218230913e-07
