% time-domain current integration by openEMS v0.37.0-rc1 @Fri Jul  3 17:20:02 2026
% start-coordinates: (0.000307692,-6.49575e-06,0.000384615) m -> [25,15,14]
% stop-coordinates: (0.000307692,5e-06,0.000560983) m -> [25,22,19]
% t/s	current
2.21778626958e-15	-0
1.38899954064e-11	1.40695358142e-10
2.77777730264e-11	-1.61653870845e-10
4.16655506465e-11	-8.19615542103e-10
5.55533282666e-11	-1.85476145553e-09
6.94411058867e-11	-2.99211277976e-09
8.33288835068e-11	-3.50733375676e-09
9.72166611269e-11	-2.17062323671e-09
1.11104438747e-10	2.44241604719e-09
1.24992216367e-10	1.11730953378e-08
1.38879993987e-10	2.30310224225e-08
1.52767771607e-10	3.39402603799e-08
1.66655549227e-10	3.63219747612e-08
1.80543326847e-10	2.0550523061e-08
1.94431104468e-10	-2.1004847639e-08
2.08318882088e-10	-8.78568044982e-08
2.22206659708e-10	-1.65357050719e-07
2.36094437328e-10	-2.22493113711e-07
2.49982214948e-10	-2.17426119775e-07
2.63869992568e-10	-1.1246668663e-07
2.77757770188e-10	1.04336756124e-07
2.91645547808e-10	3.99267804596e-07
3.05533325428e-10	6.86241264702e-07
3.19421103048e-10	8.43077145873e-07
3.33308880668e-10	7.52337143695e-07
3.47196658288e-10	3.55791257789e-07
3.61084435909e-10	-2.99516273117e-07
3.74972213529e-10	-1.04876903606e-06
3.88859991149e-10	-1.64615516951e-06
4.02747768769e-10	-1.84657255886e-06
4.16635546389e-10	-1.50478138039e-06
4.30523324009e-10	-6.50665697322e-07
4.44411101629e-10	4.96916300108e-07
4.58298879249e-10	1.59230728514e-06
4.72186656869e-10	2.28249905376e-06
4.86074434489e-10	2.33785044657e-06
4.99962212109e-10	1.73978116891e-06
5.1384998973e-10	6.8787875307e-07
5.2773776735e-10	-4.76460598975e-07
5.4162554497e-10	-1.39735641369e-06
5.5551332259e-10	-1.82934434179e-06
5.6940110021e-10	-1.71088811385e-06
5.8328887783e-10	-1.16274225093e-06
5.9717665545e-10	-4.20411168989e-07
6.1106443307e-10	2.64030489916e-07
6.2495221069e-10	7.08798040705e-07
6.3883998831e-10	8.47468243137e-07
6.5272776593e-10	7.23750133602e-07
6.66615543551e-10	4.49195027841e-07
6.80503321171e-10	1.48535335143e-07
6.94391098791e-10	-8.45563050689e-08
7.08278876411e-10	-2.07816086117e-07
7.22166654031e-10	-2.26935725323e-07
7.36054431651e-10	-1.76983959932e-07
7.49942209271e-10	-1.00313656048e-07
7.63829986891e-10	-3.03391125556e-08
7.77717764511e-10	1.56449679878e-08
7.91605542131e-10	3.52179654328e-08
