% time-domain voltage integration by openEMS v0.37.0-rc1 @Fri Jul  3 17:20:02 2026
% start-coordinates: (-0.000346154,5e-06,0.0005) m -> [8,22,17]
% stop-coordinates: (-0.000346154,1.0983e-05,0.0005) m -> [8,26,17]
% t/s	voltage
0	0
1.38877776201e-11	-3.14473919127e-09
2.77755552402e-11	4.85535078809e-09
4.16633328603e-11	2.18719917733e-08
5.55511104804e-11	4.79426551792e-08
6.94388881004e-11	7.58852021221e-08
8.33266657205e-11	8.67091500822e-08
9.72144433406e-11	4.93510121657e-08
1.11102220961e-10	-7.15120425099e-08
1.24989998581e-10	-2.94682592994e-07
1.38877776201e-10	-5.91657226323e-07
1.52765553821e-10	-8.55732167793e-07
1.66653331441e-10	-8.93895531817e-07
1.80541109061e-10	-4.66589703763e-07
1.94428886681e-10	6.08154223869e-07
2.08316664301e-10	2.30053626638e-06
2.22204441921e-10	4.22209313911e-06
2.36092219542e-10	5.57999373996e-06
2.49979997162e-10	5.32817148269e-06
2.63867774782e-10	2.55240098568e-06
2.77755552402e-10	-2.98936134868e-06
2.91643330022e-10	-1.0382976825e-05
3.05531107642e-10	-1.74195947693e-05
3.19418885262e-10	-2.10368461921e-05
3.33306662882e-10	-1.83629008461e-05
3.47194440502e-10	-8.07407081993e-06
3.61082218122e-10	8.49274238135e-06
3.74969995742e-10	2.70914893008e-05
3.88857773362e-10	4.15518843511e-05
4.02745550983e-10	4.58548920506e-05
4.16633328603e-10	3.65915529983e-05
4.30521106223e-10	1.47694170209e-05
4.44408883843e-10	-1.3945274759e-05
4.58296661463e-10	-4.08663581766e-05
4.72184439083e-10	-5.73046672798e-05
4.86072216703e-10	-5.77901000725e-05
4.99959994323e-10	-4.21603208451e-05
5.13847771943e-10	-1.56231421897e-05
5.27735549563e-10	1.32346067403e-05
5.41623327183e-10	3.56389246008e-05
5.55511104804e-10	4.56920242868e-05
5.69398882424e-10	4.21103941335e-05
5.83286660044e-10	2.80876447505e-05
5.97174437664e-10	9.55681412051e-06
6.11062215284e-10	-7.2593686582e-06
6.24949992904e-10	-1.79685453077e-05
6.38837770524e-10	-2.10642770071e-05
6.52725548144e-10	-1.7741812826e-05
6.66613325764e-10	-1.08198423732e-05
6.80501103384e-10	-3.38068235806e-06
6.94388881004e-10	2.30136748769e-06
7.08276658625e-10	5.23761184468e-06
7.22164436245e-10	5.6145288454e-06
7.36052213865e-10	4.32200795331e-06
7.49939991485e-10	2.41005704993e-06
7.63827769105e-10	6.91589789881e-07
7.77715546725e-10	-4.21675707685e-07
7.91603324345e-10	-8.82649828782e-07
