% time-domain voltage integration by openEMS v0.37.0-rc1 @Fri Jul  3 17:20:02 2026
% start-coordinates: (0.000346154,5e-06,0.0005) m -> [26,22,17]
% stop-coordinates: (0.000346154,1.0983e-05,0.0005) m -> [26,26,17]
% t/s	voltage
0	0
1.38877776201e-11	-3.50137324689e-09
2.77755552402e-11	3.58495155783e-09
4.16633328603e-11	1.94501628137e-08
5.55511104804e-11	4.4929209686e-08
6.94388881004e-11	7.35266638685e-08
8.33266657205e-11	8.77702159841e-08
9.72144433406e-11	5.74610945492e-08
1.11102220961e-10	-5.30594368442e-08
1.24989998581e-10	-2.66106482627e-07
1.38877776201e-10	-5.60028581731e-07
1.52765553821e-10	-8.37421737288e-07
1.66653331441e-10	-9.12877993642e-07
1.80541109061e-10	-5.46760361431e-07
1.94428886681e-10	4.57355319838e-07
2.08316664301e-10	2.10108754573e-06
2.22204441921e-10	4.03866329179e-06
2.36092219542e-10	5.51448954411e-06
2.49979997162e-10	5.49008473172e-06
2.63867774782e-10	3.00702578215e-06
2.77755552402e-10	-2.27841724154e-06
2.91643330022e-10	-9.58886062108e-06
3.05531107642e-10	-1.68351848515e-05
3.19418885262e-10	-2.09912086575e-05
3.33306662882e-10	-1.9086384782e-05
3.47194440502e-10	-9.56055646384e-06
3.61082218122e-10	6.5599347181e-06
3.74969995742e-10	2.52949294008e-05
3.88857773362e-10	4.0565366362e-05
4.02745550983e-10	4.61886093035e-05
4.16633328603e-10	3.83570122722e-05
4.30521106223e-10	1.7572516299e-05
4.44408883843e-10	-1.09154341317e-05
4.58296661463e-10	-3.85696866942e-05
4.72184439083e-10	-5.65005202589e-05
4.86072216703e-10	-5.87491340411e-05
4.99959994323e-10	-4.45600253443e-05
5.13847771943e-10	-1.8672207716e-05
5.27735549563e-10	1.04967443804e-05
5.41623327183e-10	3.39943271683e-05
5.55511104804e-10	4.54895525763e-05
5.69398882424e-10	4.31955513704e-05
5.83286660044e-10	2.99246808027e-05
5.97174437664e-10	1.14702113478e-05
6.11062215284e-10	-5.83357916639e-06
6.24949992904e-10	-1.73187354449e-05
6.38837770524e-10	-2.11706878872e-05
6.52725548144e-10	-1.83590914276e-05
6.66613325764e-10	-1.16171622722e-05
6.80501103384e-10	-4.07350512432e-06
6.94388881004e-10	1.87360777204e-06
7.08276658625e-10	5.10007657795e-06
7.22164436245e-10	5.69542692119e-06
7.36052213865e-10	4.51066068763e-06
7.49939991485e-10	2.60712494082e-06
7.63827769105e-10	8.36356562672e-07
7.77715546725e-10	-3.47766771824e-07
7.91603324345e-10	-8.68140062948e-07
