% time-domain current integration by openEMS v0.37.0-rc1 @Fri Jul  3 17:20:02 2026
% start-coordinates: (-0.000307692,-6.49575e-06,0.000384615) m -> [9,15,14]
% stop-coordinates: (-0.000307692,5e-06,0.000560983) m -> [9,22,19]
% t/s	current
2.21778626958e-15	0
1.38899954064e-11	-9.46895270526e-11
2.77777730264e-11	2.73153777375e-10
4.16655506465e-11	1.0273073503e-09
5.55533282666e-11	2.12917083964e-09
6.94411058867e-11	3.22869220248e-09
8.33288835068e-11	3.46658612926e-09
9.72166611269e-11	1.51315093788e-09
1.11104438747e-10	-4.02891631168e-09
1.24992216367e-10	-1.37212179396e-08
1.38879993987e-10	-2.59751562481e-08
1.52767771607e-10	-3.58792995314e-08
1.66655549227e-10	-3.51005802202e-08
1.80543326847e-10	-1.39012197309e-08
1.94431104468e-10	3.419730632e-08
2.08318882088e-10	1.0597855038e-07
2.22206659708e-10	1.82920814495e-07
2.36094437328e-10	2.30407181334e-07
2.49982214948e-10	2.05446880841e-07
2.63869992568e-10	7.37794891847e-08
2.77757770188e-10	-1.67753128721e-07
2.91645547808e-10	-4.72993946232e-07
3.05533325428e-10	-7.44288854548e-07
3.19421103048e-10	-8.54863287714e-07
3.33308880668e-10	-6.94732591455e-07
3.47196658288e-10	-2.26116796398e-07
3.61084435909e-10	4.75597090599e-07
3.74972213529e-10	1.2198489685e-06
3.88859991149e-10	1.74984927526e-06
4.02747768769e-10	1.83252234365e-06
4.16635546389e-10	1.35720495109e-06
4.30523324009e-10	4.00128044475e-07
4.44411101629e-10	-7.79297408826e-07
4.58298879249e-10	-1.81786504072e-06
4.72186656869e-10	-2.37701738115e-06
4.86074434489e-10	-2.26959673455e-06
4.99962212109e-10	-1.531691737e-06
5.1384998973e-10	-4.08802719676e-07
5.2773776735e-10	7.38016296964e-07
5.4162554497e-10	1.56538555984e-06
5.5551332259e-10	1.8656451175e-06
5.6940110021e-10	1.62397566328e-06
5.8328887783e-10	9.98585278467e-07
5.9717665545e-10	2.41109603394e-07
6.1106443307e-10	-4.03935445092e-07
6.2495221069e-10	-7.78883247676e-07
6.3883998831e-10	-8.46022999212e-07
6.5272776593e-10	-6.71322368362e-07
6.66615543551e-10	-3.76066623176e-07
6.80503321171e-10	-8.2075295893e-08
6.94391098791e-10	1.27783152948e-07
7.08278876411e-10	2.2392646315e-07
7.22166654031e-10	2.21664322453e-07
7.36054431651e-10	1.603304014e-07
7.49942209271e-10	8.18081531406e-08
7.63829986891e-10	1.61297482038e-08
7.77717764511e-10	-2.33623929091e-08
7.91605542131e-10	-3.7191043134e-08
