% time-domain voltage integration by openEMS v0.37.0-rc1 @Mon Jul  6 16:22:25 2026
% start-coordinates: (0.000307692,-4.33522e-06,0.0005) m -> [31,21,33]
% stop-coordinates: (0.000307692,-1.16478e-05,0.0005) m -> [31,17,33]
% t/s	voltage
0	0
1.04140592777e-11	-1.1200100708e-09
2.08281185554e-11	4.5652657002e-11
3.12421778331e-11	4.84541906598e-09
4.16562371108e-11	1.58163910857e-08
5.20702963886e-11	3.53828375488e-08
6.24843556663e-11	6.2190370187e-08
7.2898414944e-11	8.61342286385e-08
8.33124742217e-11	8.25507253666e-08
9.37265334994e-11	9.98343696601e-09
1.04140592777e-10	-1.82242327895e-07
1.14554652055e-10	-5.30254133935e-07
1.24968711333e-10	-1.01556105392e-06
1.3538277061e-10	-1.51986893115e-06
1.45796829888e-10	-1.80016326112e-06
1.56210889166e-10	-1.51732416498e-06
1.66624948443e-10	-3.42364181449e-07
1.77039007721e-10	1.86969799643e-06
1.87453066999e-10	4.89529537617e-06
1.97867126277e-10	8.04501701168e-06
2.08281185554e-10	1.02499329842e-05
2.18695244832e-10	1.03676696881e-05
2.2910930411e-10	7.63669072512e-06
2.39523363387e-10	2.10254219724e-06
2.49937422665e-10	-5.19866483728e-06
2.60351481943e-10	-1.24425657759e-05
2.7076554122e-10	-1.7582718101e-05
2.81179600498e-10	-1.90759642464e-05
2.91593659776e-10	-1.64627883805e-05
3.02007719054e-10	-1.05442180711e-05
3.12421778331e-10	-3.07457514737e-06
3.22835837609e-10	3.8902369397e-06
3.33249896887e-10	8.70257554197e-06
3.43663956164e-10	1.06007229306e-05
3.54078015442e-10	9.79740480034e-06
3.6449207472e-10	7.20876892046e-06
3.74906133998e-10	3.99857640332e-06
3.85320193275e-10	1.1513377558e-06
3.95734252553e-10	-7.7444339297e-07
4.06148311831e-10	-1.67381458027e-06
4.16562371108e-10	-1.76287525733e-06
4.26976430386e-10	-1.38867468991e-06
4.37390489664e-10	-8.70618166005e-07
4.47804548942e-10	-4.16839085915e-07
4.58218608219e-10	-1.13762183673e-07
4.68632667497e-10	4.01426234475e-08
4.79046726775e-10	8.84548985169e-08
4.89460786052e-10	8.08540381314e-08
4.9987484533e-10	5.43159570654e-08
5.10288904608e-10	2.89999806391e-08
5.20702963886e-10	1.19652074915e-08
5.31117023163e-10	3.02035785271e-09
5.41531082441e-10	-5.29662140536e-10
5.51945141719e-10	-1.19191664871e-09
5.62359200996e-10	-2.53661466831e-11
5.72773260274e-10	2.46795899689e-12
5.83187319552e-10	1.90342012985e-12
5.9360137883e-10	2.08344183919e-11
6.04015438107e-10	2.66810011584e-12
6.14429497385e-10	-1.58740841652e-11
6.24843556663e-10	7.9233386345e-12
6.3525761594e-10	-2.28323436546e-13
6.45671675218e-10	-8.93539582603e-12
6.56085734496e-10	-4.27866856528e-12
6.66499793773e-10	1.20115506083e-11
6.76913853051e-10	7.96681384058e-12
6.87327912329e-10	2.2383874268e-12
6.97741971607e-10	-9.27067363848e-12
7.08156030884e-10	2.44676934963e-12
7.18570090162e-10	1.06355878965e-11
7.2898414944e-10	1.15810755083e-11
7.39398208717e-10	-1.19300142681e-12
7.49812267995e-10	3.20441156249e-12
7.60226327273e-10	1.09490359487e-11
7.70640386551e-10	1.13363120974e-11
7.81054445828e-10	3.07168613461e-12
7.91468505106e-10	6.89598291664e-12
8.01882564384e-10	-5.54489093529e-12
8.12296623661e-10	1.83554907385e-12
8.22710682939e-10	-2.6292917496e-12
8.33124742217e-10	2.16698360644e-12
8.43538801495e-10	1.58054806222e-11
8.53952860772e-10	-7.80662600536e-12
8.6436692005e-10	-1.13948520758e-12
8.74780979328e-10	5.30862853676e-12
8.85195038605e-10	3.05313500176e-12
8.95609097883e-10	-1.12649369e-11
9.06023157161e-10	1.89044786769e-12
9.16437216439e-10	1.19045433233e-11
9.26851275716e-10	1.41814303356e-11
9.37265334994e-10	-1.00442657663e-12
9.47679394272e-10	-5.69332775369e-13
9.58093453549e-10	1.1336849428e-11
9.68507512827e-10	3.61863490561e-12
9.78921572105e-10	-6.41421811498e-13
9.89335631383e-10	1.36855986613e-11
9.9974969066e-10	-2.7974731906e-12
1.01016374994e-09	5.78859182809e-12
1.02057780922e-09	-1.04942096679e-14
1.03099186849e-09	-3.87908672198e-12
1.04140592777e-09	-8.48266942799e-12
1.05181998705e-09	-7.75696347433e-13
1.06223404633e-09	-1.05887781182e-12
1.0726481056e-09	-3.73215347516e-12
1.08306216488e-09	2.19672457308e-12
1.09347622416e-09	1.2782267432e-11
1.10389028344e-09	-1.39560134282e-11
1.11430434272e-09	1.7918487874e-12
1.12471840199e-09	-3.72755559058e-12
1.13513246127e-09	4.50321637618e-12
1.14554652055e-09	1.13096164378e-12
1.15596057983e-09	-1.66134814239e-12
1.1663746391e-09	-3.35223775821e-12
1.17678869838e-09	-2.58839477629e-12
1.18720275766e-09	-4.03572140983e-13
1.19761681694e-09	3.62775087748e-12
1.20803087621e-09	-4.80666981911e-12
1.21844493549e-09	-4.39234933147e-12
1.22885899477e-09	4.16148452503e-12
1.23927305405e-09	-6.28654246715e-12
1.24968711333e-09	1.13129679236e-11
1.2601011726e-09	-5.84840249146e-12
1.27051523188e-09	-5.24409075192e-12
1.28092929116e-09	3.70115570136e-12
1.29134335044e-09	-3.01159010924e-12
1.30175740971e-09	8.4302833811e-12
1.31217146899e-09	-2.25298425749e-12
1.32258552827e-09	4.59334827119e-12
1.33299958755e-09	9.01959062993e-13
1.34341364682e-09	1.21586074542e-12
1.3538277061e-09	-5.39476883304e-12
1.36424176538e-09	4.03114173986e-13
1.37465582466e-09	-3.34104879179e-12
1.38506988394e-09	7.98678831404e-13
1.39548394321e-09	9.4343048998e-12
1.40589800249e-09	6.23883757156e-13
1.41631206177e-09	-9.24579249967e-12
1.42672612105e-09	-1.05951298082e-11
1.43714018032e-09	3.37849193066e-12
1.4475542396e-09	-6.56997720117e-12
1.45796829888e-09	-8.07095102556e-12
1.46838235816e-09	-4.49055723162e-12
1.47879641743e-09	-4.99881212812e-12
1.48921047671e-09	5.07619207085e-12
1.49962453599e-09	1.03696565223e-13
1.51003859527e-09	1.55314216349e-12
1.52045265455e-09	-9.33722803936e-12
1.53086671382e-09	6.2502572562e-12
1.5412807731e-09	-7.82619628825e-13
1.55169483238e-09	3.72019342415e-12
1.56210889166e-09	3.74488027394e-12
1.57252295093e-09	-6.89127574449e-13
1.58293701021e-09	4.59334913855e-12
1.59335106949e-09	7.18453074811e-13
1.60376512877e-09	3.95415210991e-12
1.61417918805e-09	4.65598046229e-12
1.62459324732e-09	-1.63039980822e-12
1.6350073066e-09	3.16018738955e-12
1.64542136588e-09	5.03451794143e-12
1.65583542516e-09	-5.12085859827e-12
1.66624948443e-09	6.10944454749e-12
1.67666354371e-09	1.07032698676e-12
1.68707760299e-09	2.1257587704e-12
1.69749166227e-09	4.83705003135e-12
1.70790572154e-09	4.72225644005e-12
1.71831978082e-09	7.47067338547e-12
1.7287338401e-09	-3.79261205774e-12
1.73914789938e-09	-1.7508564043e-12
1.74956195866e-09	1.08699499055e-11
1.75997601793e-09	2.72031355775e-12
1.77039007721e-09	-6.78056569225e-13
1.78080413649e-09	-4.30482646058e-12
1.79121819577e-09	-7.25851670436e-12
1.80163225504e-09	3.98638587418e-13
1.81204631432e-09	-5.15578031657e-13
1.8224603736e-09	-3.70550291839e-12
1.83287443288e-09	-3.10368050704e-12
1.84328849215e-09	-3.52056751807e-12
1.85370255143e-09	-1.9689050737e-12
1.86411661071e-09	3.25228472625e-12
1.87453066999e-09	-8.70150739657e-12
1.88494472927e-09	-6.71508335048e-12
1.89535878854e-09	1.23518556494e-12
1.90577284782e-09	1.01752113679e-12
1.9161869071e-09	1.40667165416e-12
1.92660096638e-09	1.96779311595e-12
1.93701502565e-09	-1.0394532457e-12
1.94742908493e-09	-7.36895787445e-13
1.95784314421e-09	8.5398788735e-13
1.96825720349e-09	2.78550273125e-12
1.97867126277e-09	3.62555471756e-13
1.98908532204e-09	-2.84306172355e-12
1.99949938132e-09	8.68528339526e-13
2.0099134406e-09	-5.81402547634e-12
2.02032749988e-09	-4.09151705572e-12
2.03074155915e-09	-3.67914119309e-12
2.04115561843e-09	-4.84007538909e-12
2.05156967771e-09	-7.24440472888e-13
2.06198373699e-09	1.27450792975e-11
2.07239779626e-09	1.02813330766e-12
2.08281185554e-09	5.73692308936e-12
2.09322591482e-09	1.64744086428e-12
2.1036399741e-09	3.96045782974e-12
2.11405403338e-09	3.61048777681e-12
2.12446809265e-09	-2.0772515652e-12
2.13488215193e-09	-3.3816760156e-12
2.14529621121e-09	-2.25452902874e-12
2.15571027049e-09	2.36255980057e-12
2.16612432976e-09	4.40763831683e-12
2.17653838904e-09	4.04261953774e-12
2.18695244832e-09	-1.10060485031e-12
2.1973665076e-09	3.70511780978e-12
2.20778056687e-09	3.17865525568e-13
2.21819462615e-09	3.14115400357e-12
2.22860868543e-09	5.47031604042e-12
2.23902274471e-09	-4.39913556971e-12
2.24943680399e-09	6.03152597312e-12
2.25985086326e-09	-2.41133502055e-13
2.27026492254e-09	-3.73911838991e-13
2.28067898182e-09	4.4627903803e-12
2.2910930411e-09	9.43632325057e-13
2.30150710037e-09	2.47265315861e-12
2.31192115965e-09	9.81006508666e-12
2.32233521893e-09	4.14354574957e-12
2.33274927821e-09	-3.19049214131e-12
2.34316333748e-09	3.0728856959e-12
2.35357739676e-09	3.42694102262e-12
2.36399145604e-09	-1.66988818606e-14
2.37440551532e-09	-7.67212161856e-12
2.3848195746e-09	1.42026581468e-12
2.39523363387e-09	-6.26106892027e-12
2.40564769315e-09	-1.42393302011e-12
2.41606175243e-09	5.67029929954e-13
2.42647581171e-09	4.23753480222e-12
2.43688987098e-09	7.78099720072e-12
2.44730393026e-09	1.39762940804e-12
2.45771798954e-09	-4.58210552834e-12
2.46813204882e-09	7.57251292921e-12
2.4785461081e-09	-1.33600248919e-12
2.48896016737e-09	-3.79631222291e-12
2.49937422665e-09	-1.06699839936e-11
2.50978828593e-09	-3.01610299236e-12
2.52020234521e-09	3.83516655933e-12
2.53061640448e-09	-2.94080731988e-13
2.54103046376e-09	-3.05623148317e-12
2.55144452304e-09	3.3244934583e-13
2.56185858232e-09	2.35748053024e-13
2.57227264159e-09	3.8351535489e-12
2.58268670087e-09	-8.01902728248e-12
2.59310076015e-09	3.07884794049e-13
2.60351481943e-09	-6.9048022508e-13
2.61392887871e-09	-8.77586371628e-12
2.62434293798e-09	3.39189700632e-12
2.63475699726e-09	-3.02529355733e-12
2.64517105654e-09	2.10404610401e-13
2.65558511582e-09	4.07635470517e-12
2.66599917509e-09	4.92158744314e-12
2.67641323437e-09	-8.41956712683e-14
2.68682729365e-09	2.44447084102e-12
2.69724135293e-09	-5.77625013792e-12
2.7076554122e-09	8.25943480276e-13
2.71806947148e-09	-5.53536036452e-12
2.72848353076e-09	3.6988268351e-12
2.73889759004e-09	4.1337905321e-12
2.74931164932e-09	1.23483948761e-12
2.75972570859e-09	-5.24220684223e-12
2.77013976787e-09	-5.79658630123e-12
2.78055382715e-09	3.80512548553e-12
2.79096788643e-09	5.4087723883e-13
2.8013819457e-09	-2.06030505157e-13
2.81179600498e-09	1.97032494487e-13
2.82221006426e-09	-4.94007612595e-13
2.83262412354e-09	2.07814668252e-12
2.84303818282e-09	5.55673215774e-12
2.85345224209e-09	-4.06719102841e-12
2.86386630137e-09	-1.18662362922e-11
2.87428036065e-09	9.08387948195e-13
2.88469441993e-09	2.34017232675e-12
2.8951084792e-09	-1.1270576486e-12
2.90552253848e-09	9.4902904979e-13
2.91593659776e-09	-1.42834095246e-12
2.92635065704e-09	7.00160415756e-14
2.93676471631e-09	-6.22072358902e-12
2.94717877559e-09	2.10425687291e-12
2.95759283487e-09	-1.54027311738e-12
2.96800689415e-09	1.58702738451e-12
2.97842095343e-09	-3.125257865e-12
2.9888350127e-09	-1.68105199899e-12
2.99924907198e-09	-9.37968452908e-13
3.00966313126e-09	-3.26539489892e-12
3.02007719054e-09	-1.53746893689e-12
3.03049124981e-09	3.59885472118e-12
3.04090530909e-09	5.11772482031e-12
3.05131936837e-09	-2.739385975e-12
3.06173342765e-09	-4.39594454588e-12
3.07214748692e-09	-2.31305426202e-12
3.0825615462e-09	-1.49702385904e-12
3.09297560548e-09	1.19111318031e-13
3.10338966476e-09	2.25136229104e-12
3.11380372404e-09	6.51734742563e-12
3.12421778331e-09	-5.66248697237e-12
3.13463184259e-09	4.87559125018e-12
3.14504590187e-09	1.20043567101e-11
3.15545996115e-09	-1.28601643223e-12
3.16587402042e-09	2.50645858235e-12
3.1762880797e-09	1.57496932163e-12
3.18670213898e-09	-3.07583125636e-12
3.19711619826e-09	5.83083234473e-12
3.20753025753e-09	2.08315743128e-12
3.21794431681e-09	-6.06851374707e-13
3.22835837609e-09	3.84937134251e-12
3.23877243537e-09	-1.54099042554e-12
3.24918649465e-09	8.68726098002e-13
3.25960055392e-09	-3.73651717206e-12
3.2700146132e-09	-3.23345517028e-13
3.28042867248e-09	2.14353274713e-12
3.29084273176e-09	-1.23421585452e-12
3.30125679103e-09	2.6997787686e-12
3.31167085031e-09	1.12544609049e-12
3.32208490959e-09	-7.94755494055e-12
3.33249896887e-09	4.17124060986e-12
3.34291302815e-09	-4.62482656338e-12
3.35332708742e-09	2.62665930673e-12
3.3637411467e-09	9.00023978956e-13
3.37415520598e-09	-8.75597771371e-12
3.38456926526e-09	-1.68865789407e-12
3.39498332453e-09	4.16886230398e-12
3.40539738381e-09	-1.39502038393e-12
3.41581144309e-09	-2.69215032211e-12
3.42622550237e-09	-3.77961897891e-12
3.43663956164e-09	-2.41532141509e-12
3.44705362092e-09	-1.87314139893e-12
3.4574676802e-09	7.24992114953e-13
3.46788173948e-09	-3.22870896685e-12
3.47829579876e-09	-8.72779973293e-12
3.48870985803e-09	-1.83374582879e-12
3.49912391731e-09	1.98209244157e-12
3.50953797659e-09	-3.6802609571e-12
3.51995203587e-09	5.72401501198e-13
3.53036609514e-09	3.33101948802e-12
3.54078015442e-09	2.71382742667e-13
3.5511942137e-09	-8.14756248579e-14
3.56160827298e-09	-2.82850826094e-12
3.57202233225e-09	-5.53319109281e-12
3.58243639153e-09	-3.04805833351e-12
3.59285045081e-09	-8.99657084941e-13
3.60326451009e-09	2.63942513679e-13
3.61367856937e-09	-3.71067759852e-12
3.62409262864e-09	-5.07773944419e-12
3.63450668792e-09	2.41045031157e-13
3.6449207472e-09	-2.76177084674e-12
3.65533480648e-09	3.70602853961e-12
3.66574886575e-09	3.28417848472e-14
3.67616292503e-09	-2.45620104117e-12
3.68657698431e-09	2.44155043405e-12
3.69699104359e-09	-5.71566578789e-12
3.70740510287e-09	4.72385238565e-12
3.71781916214e-09	2.57342498006e-12
3.72823322142e-09	3.25529620621e-12
3.7386472807e-09	-1.77721552752e-13
3.74906133998e-09	2.05581818929e-12
3.75947539925e-09	1.91258467397e-13
3.76988945853e-09	-6.80679471121e-14
3.78030351781e-09	8.88958177903e-13
3.79071757709e-09	-3.67922445982e-12
3.80113163636e-09	-2.68861235359e-12
3.81154569564e-09	3.54443124156e-12
3.82195975492e-09	3.58116401117e-12
3.8323738142e-09	-2.05142326737e-12
3.84278787348e-09	-8.57069623605e-13
3.85320193275e-09	-3.08052802017e-12
3.86361599203e-09	4.41617489105e-12
3.87403005131e-09	1.07537416472e-12
3.88444411059e-09	-4.79457792912e-12
3.89485816986e-09	-4.96628172614e-12
3.90527222914e-09	2.32478966633e-13
3.91568628842e-09	2.50425982035e-12
3.9261003477e-09	-6.28596306951e-12
3.93651440697e-09	9.57752106789e-13
3.94692846625e-09	2.09489196823e-12
3.95734252553e-09	3.85564496996e-12
3.96775658481e-09	-1.61386529141e-12
3.97817064409e-09	3.5705700549e-12
3.98858470336e-09	-2.55085536027e-12
3.99899876264e-09	-2.35265539689e-12
4.00941282192e-09	-4.04690777417e-12
4.0198268812e-09	1.26457091326e-12
4.03024094047e-09	-3.67503770471e-12
4.04065499975e-09	-5.71105576025e-12
4.05106905903e-09	-3.84951619192e-13
4.06148311831e-09	-1.38649161596e-12
4.07189717758e-09	5.4052066642e-12
4.08231123686e-09	-1.19259289943e-12
4.09272529614e-09	-4.18505334554e-12
4.10313935542e-09	-6.37161417377e-12
4.1135534147e-09	2.51905614423e-12
4.12396747397e-09	-1.19334837151e-12
4.13438153325e-09	4.44739297473e-12
4.14479559253e-09	2.66146393119e-12
4.15520965181e-09	6.18635611488e-12
4.16562371108e-09	9.05751168512e-13
4.17603777036e-09	-2.41343143387e-12
4.18645182964e-09	2.16594363972e-12
4.19686588892e-09	1.43540734854e-12
4.2072799482e-09	-1.7681620057e-12
4.21769400747e-09	2.86759331558e-13
4.22810806675e-09	4.27048760937e-12
4.23852212603e-09	4.06960055932e-12
4.24893618531e-09	-4.24290377138e-12
4.25935024458e-09	-1.07836656271e-12
4.26976430386e-09	-6.51918623251e-13
4.28017836314e-09	1.96727443363e-12
4.29059242242e-09	-3.0812097665e-12
4.30100648169e-09	-1.46849719884e-12
4.31142054097e-09	-5.41163121259e-12
4.32183460025e-09	1.18457327281e-12
4.33224865953e-09	4.60549046816e-12
4.34266271881e-09	6.19679654812e-13
4.35307677808e-09	-2.61249528954e-12
4.36349083736e-09	-1.1869082106e-12
4.37390489664e-09	3.06228653546e-12
4.38431895592e-09	1.66761309622e-12
4.39473301519e-09	-4.75509562281e-12
4.40514707447e-09	-1.85018927262e-12
4.41556113375e-09	-3.66024918708e-13
4.42597519303e-09	-2.5703319681e-12
4.4363892523e-09	-4.12232834673e-12
4.44680331158e-09	2.78377147722e-12
4.45721737086e-09	2.31553057978e-12
4.46763143014e-09	-5.48512017057e-12
4.47804548942e-09	-9.55163899363e-13
4.48845954869e-09	6.28163319971e-13
4.49887360797e-09	-1.17481979006e-12
4.50928766725e-09	-5.22228701255e-12
4.51970172653e-09	-2.83158912984e-13
4.5301157858e-09	-3.70929328919e-12
4.54052984508e-09	3.1330537123e-12
4.55094390436e-09	-7.56534852125e-12
4.56135796364e-09	2.2958804996e-13
4.57177202291e-09	1.89050771565e-12
4.58218608219e-09	4.41813079177e-12
4.59260014147e-09	-2.12001336625e-12
4.60301420075e-09	-4.80016026927e-12
4.61342826003e-09	-5.03216565639e-12
4.6238423193e-09	-2.10859975314e-13
4.63425637858e-09	9.32647188645e-13
4.64467043786e-09	-3.7676996939e-12
4.65508449714e-09	-1.20696248135e-12
4.66549855641e-09	1.71369429064e-12
4.67591261569e-09	3.2408494291e-12
4.68632667497e-09	3.21144499882e-12
4.69674073425e-09	3.83219497802e-12
4.70715479353e-09	-3.40830662304e-13
4.7175688528e-09	-1.38187811888e-12
4.72798291208e-09	-4.59908153227e-12
4.73839697136e-09	-1.44724770362e-12
4.74881103064e-09	-1.22250647105e-12
4.75922508991e-09	8.18375749112e-13
4.76963914919e-09	-4.39408839176e-12
4.78005320847e-09	2.19276246466e-12
4.79046726775e-09	-2.83208092394e-12
4.80088132702e-09	1.85140097697e-13
4.8112953863e-09	5.10370305046e-12
4.82170944558e-09	7.27822099464e-12
4.83212350486e-09	1.77679745916e-12
4.84253756414e-09	-1.81948640182e-12
4.85295162341e-09	1.51090945311e-13
4.86336568269e-09	4.53665403854e-12
4.87377974197e-09	3.09265807408e-12
4.88419380125e-09	-1.92500442669e-12
4.89460786052e-09	7.09192860687e-12
4.9050219198e-09	-2.11414219464e-13
4.91543597908e-09	1.34830428072e-12
4.92585003836e-09	1.15252425659e-12
4.93626409763e-09	3.23788478668e-12
