% time-domain voltage integration by openEMS v0.37.0-rc1 @Fri Jul  3 17:20:02 2026
% start-coordinates: (0.000269231,-5e-06,0.0005) m -> [24,16,17]
% stop-coordinates: (0.000269231,-1.0983e-05,0.0005) m -> [24,12,17]
% t/s	voltage
0	0
1.38877776201e-11	-3.41001432647e-09
2.77755552402e-11	3.75167563682e-09
4.16633328603e-11	1.96995348922e-08
5.55511104804e-11	4.52487673996e-08
6.94388881004e-11	7.38227292629e-08
8.33266657205e-11	8.7705297247e-08
9.72144433406e-11	5.66725733009e-08
1.11102220961e-10	-5.49736691724e-08
1.24989998581e-10	-2.69157929722e-07
1.38877776201e-10	-5.63561869171e-07
1.52765553821e-10	-8.39734596525e-07
1.66653331441e-10	-9.11391950353e-07
1.80541109061e-10	-5.38750882129e-07
1.94428886681e-10	4.7321138652e-07
2.08316664301e-10	2.12282822076e-06
2.22204441921e-10	4.05968603445e-06
2.36092219542e-10	5.5238792811e-06
2.49979997162e-10	5.47555589492e-06
2.63867774782e-10	2.96046283665e-06
2.77755552402e-10	-2.35457491726e-06
2.91643330022e-10	-9.67721916822e-06
3.05531107642e-10	-1.69045028997e-05
3.19418885262e-10	-2.10048397093e-05
3.33306662882e-10	-1.90167088476e-05
3.47194440502e-10	-9.40459585763e-06
3.61082218122e-10	6.77116918268e-06
3.74969995742e-10	2.54996202784e-05
3.88857773362e-10	4.06886856581e-05
4.02745550983e-10	4.61705139969e-05
4.16633328603e-10	3.81789004678e-05
4.30521106223e-10	1.7271582692e-05
4.44408883843e-10	-1.12536683901e-05
4.58296661463e-10	-3.8838898945e-05
4.72184439083e-10	-5.66120215808e-05
4.86072216703e-10	-5.86655296502e-05
4.99959994323e-10	-4.43094131697e-05
5.13847771943e-10	-1.83374618246e-05
5.27735549563e-10	1.08094134248e-05
5.41623327183e-10	3.41941931765e-05
5.55511104804e-10	4.55312983831e-05
5.69398882424e-10	4.30900745414e-05
5.83286660044e-10	2.97273322758e-05
5.97174437664e-10	1.12555558189e-05
6.11062215284e-10	-6.00042176302e-06
6.24949992904e-10	-1.74017027348e-05
6.38837770524e-10	-2.11680089706e-05
6.52725548144e-10	-1.82957428478e-05
6.66613325764e-10	-1.15294205898e-05
6.80501103384e-10	-3.99410259888e-06
6.94388881004e-10	1.92498424667e-06
7.08276658625e-10	5.11902180733e-06
7.22164436245e-10	5.68881227991e-06
7.36052213865e-10	4.49059803032e-06
7.49939991485e-10	2.58497135519e-06
7.63827769105e-10	8.19402487195e-07
7.77715546725e-10	-3.56881962205e-07
7.91603324345e-10	-8.70447124157e-07
