% time-domain voltage integration by openEMS v0.37.0-rc1 @Mon Jul  6 16:22:25 2026
% start-coordinates: (0.000269231,4.33522e-06,0.0005) m -> [30,27,33]
% stop-coordinates: (0.000269231,1.16478e-05,0.0005) m -> [30,31,33]
% t/s	voltage
0	0
1.04140592777e-11	-1.15757126107e-09
2.08281185554e-11	1.96838989552e-10
3.12421778331e-11	5.06549657775e-09
4.16562371108e-11	1.63025377642e-08
5.20702963886e-11	3.61262197934e-08
6.24843556663e-11	6.30553351755e-08
7.2898414944e-11	8.66300506885e-08
8.33124742217e-11	8.16341403365e-08
9.37265334994e-11	6.05339334214e-09
1.04140592777e-10	-1.90674708023e-07
1.14554652055e-10	-5.43634399719e-07
1.24968711333e-10	-1.03194346934e-06
1.3538277061e-10	-1.53357720478e-06
1.45796829888e-10	-1.80167759822e-06
1.56210889166e-10	-1.4954877372e-06
1.66624948443e-10	-2.88823105876e-07
1.77039007721e-10	1.95432886585e-06
1.87453066999e-10	4.99655158137e-06
1.97867126277e-10	8.13420433587e-06
2.08281185554e-10	1.02904116375e-05
2.18695244832e-10	1.03273901004e-05
2.2910930411e-10	7.50314700326e-06
2.39523363387e-10	1.8932219632e-06
2.49937422665e-10	-5.43649827023e-06
2.60351481943e-10	-1.26447109778e-05
2.7076554122e-10	-1.76896846824e-05
2.81179600498e-10	-1.90549801573e-05
2.91593659776e-10	-1.63203558259e-05
3.02007719054e-10	-1.03235589677e-05
3.12421778331e-10	-2.83927289502e-06
3.22835837609e-10	4.07932674307e-06
3.33249896887e-10	8.80682716797e-06
3.43663956164e-10	1.06127907884e-05
3.54078015442e-10	9.73744022303e-06
3.6449207472e-10	7.11190511993e-06
3.74906133998e-10	3.90012735352e-06
3.85320193275e-10	1.0757805029e-06
3.95734252553e-10	-8.17436585976e-07
4.06148311831e-10	-1.68708436377e-06
4.16562371108e-10	-1.75627712906e-06
4.26976430386e-10	-1.37324295224e-06
4.37390489664e-10	-8.54738402722e-07
4.47804548942e-10	-4.04956246314e-07
4.58218608219e-10	-1.06880202466e-07
4.68632667497e-10	4.29748343578e-08
4.79046726775e-10	8.88269919841e-08
4.89460786052e-10	8.01671546924e-08
4.9987484533e-10	5.34541859665e-08
5.10288904608e-10	2.83343832841e-08
5.20702963886e-10	1.155776852e-08
5.31117023163e-10	2.82832612886e-09
5.41531082441e-10	-5.68700385395e-10
5.51945141719e-10	-1.04851517746e-09
5.62359200996e-10	-1.29299778349e-11
5.72773260274e-10	2.68998093115e-11
5.83187319552e-10	-1.05453522433e-11
5.9360137883e-10	-1.33215341156e-11
6.04015438107e-10	8.98163021821e-12
6.14429497385e-10	1.63287369737e-11
6.24843556663e-10	-6.43338507467e-12
6.3525761594e-10	-9.9131305378e-12
6.45671675218e-10	1.26294252834e-11
6.56085734496e-10	2.09447910404e-13
6.66499793773e-10	-8.22305483254e-12
6.76913853051e-10	-6.22020230462e-13
6.87327912329e-10	-1.23134477874e-12
6.97741971607e-10	-4.40105786016e-12
7.08156030884e-10	-7.52254801419e-12
7.18570090162e-10	2.271962566e-12
7.2898414944e-10	-1.93015351965e-12
7.39398208717e-10	1.59287481209e-11
7.49812267995e-10	3.13991009842e-12
7.60226327273e-10	-1.27460229871e-11
7.70640386551e-10	-6.43488083998e-14
7.81054445828e-10	-7.62778219494e-12
7.91468505106e-10	1.64368995845e-12
8.01882564384e-10	8.18320671642e-13
8.12296623661e-10	2.57321464484e-12
8.22710682939e-10	-8.06937502928e-12
8.33124742217e-10	1.84723861641e-12
8.43538801495e-10	5.09025504039e-12
8.53952860772e-10	1.54743901612e-11
8.6436692005e-10	-4.55061010575e-12
8.74780979328e-10	1.76106199935e-12
8.85195038605e-10	-6.91318118202e-12
8.95609097883e-10	4.50063087926e-12
9.06023157161e-10	1.29710412875e-11
9.16437216439e-10	2.08702543095e-12
9.26851275716e-10	-7.14442163741e-12
9.37265334994e-10	-7.69322149388e-12
9.47679394272e-10	-8.24687987713e-13
9.58093453549e-10	-8.35567444228e-12
9.68507512827e-10	-2.27910333835e-12
9.78921572105e-10	-5.46032229848e-12
9.89335631383e-10	3.15123361433e-13
9.9974969066e-10	3.44804393371e-12
1.01016374994e-09	1.23954449135e-13
1.02057780922e-09	-1.03882484212e-12
1.03099186849e-09	1.26945128671e-12
1.04140592777e-09	3.35383879956e-12
1.05181998705e-09	2.03028045764e-12
1.06223404633e-09	-2.55061867894e-13
1.0726481056e-09	-1.26699323776e-12
1.08306216488e-09	-6.67657639244e-12
1.09347622416e-09	-9.14115387118e-12
1.10389028344e-09	1.11566737294e-11
1.11430434272e-09	4.68730046096e-12
1.12471840199e-09	1.41118789831e-12
1.13513246127e-09	-1.22614971561e-12
1.14554652055e-09	-4.82092274087e-12
1.15596057983e-09	9.4849668484e-12
1.1663746391e-09	-4.2176908667e-12
1.17678869838e-09	-2.521695526e-12
1.18720275766e-09	-2.21248345166e-12
1.19761681694e-09	-3.72055023509e-12
1.20803087621e-09	3.57944359916e-13
1.21844493549e-09	-1.01996377923e-11
1.22885899477e-09	-9.6920572696e-12
1.23927305405e-09	5.84540510613e-12
1.24968711333e-09	-5.39044069797e-12
1.2601011726e-09	3.48531425075e-12
1.27051523188e-09	1.04323613821e-11
1.28092929116e-09	-5.01014594395e-12
1.29134335044e-09	1.4458881141e-12
1.30175740971e-09	-2.44784270978e-12
1.31217146899e-09	-8.06975146428e-13
1.32258552827e-09	-3.54106175805e-12
1.33299958755e-09	-8.07542661213e-12
1.34341364682e-09	3.52766882546e-12
1.3538277061e-09	-4.80709742845e-12
1.36424176538e-09	2.32097587677e-12
1.37465582466e-09	2.47599054974e-12
1.38506988394e-09	-1.20342791721e-11
1.39548394321e-09	-2.85725327946e-12
1.40589800249e-09	1.36116392138e-12
1.41631206177e-09	3.53760055104e-12
1.42672612105e-09	5.29042478228e-12
1.43714018032e-09	2.86980790694e-12
1.4475542396e-09	8.304309497e-12
1.45796829888e-09	-4.28735606045e-13
1.46838235816e-09	1.04283053547e-12
1.47879641743e-09	8.78706460893e-12
1.48921047671e-09	-3.68361851438e-12
1.49962453599e-09	3.49840685934e-12
1.51003859527e-09	-1.99573213858e-12
1.52045265455e-09	-7.02500449305e-13
1.53086671382e-09	9.40215104123e-12
1.5412807731e-09	3.32309521697e-12
1.55169483238e-09	-1.9114902803e-12
1.56210889166e-09	-9.90343874616e-12
1.57252295093e-09	2.71069234767e-12
1.58293701021e-09	-1.25041210025e-12
1.59335106949e-09	-8.8076226e-13
1.60376512877e-09	3.41163252163e-12
1.61417918805e-09	1.48847232283e-12
1.62459324732e-09	-2.2374613013e-12
1.6350073066e-09	5.76160321709e-13
1.64542136588e-09	-2.94168162052e-12
1.65583542516e-09	-2.41003007481e-12
1.66624948443e-09	2.46454115796e-12
1.67666354371e-09	8.65199600332e-12
1.68707760299e-09	1.24133854237e-11
1.69749166227e-09	-3.70981977776e-12
1.70790572154e-09	-1.87519574521e-12
1.71831978082e-09	-4.96416189405e-12
1.7287338401e-09	3.10734597775e-12
1.73914789938e-09	-4.57275298356e-12
1.74956195866e-09	-8.21484980734e-12
1.75997601793e-09	2.98023368137e-12
1.77039007721e-09	9.78904457494e-13
1.78080413649e-09	3.98448173056e-12
1.79121819577e-09	2.49112579523e-12
1.80163225504e-09	-4.97892829396e-12
1.81204631432e-09	-4.67199347785e-12
1.8224603736e-09	1.10968309194e-12
1.83287443288e-09	3.20630111003e-12
1.84328849215e-09	-1.72433898757e-12
1.85370255143e-09	-6.21012638015e-12
1.86411661071e-09	7.03557980104e-12
1.87453066999e-09	-2.84432416855e-13
1.88494472927e-09	4.01696449541e-12
1.89535878854e-09	4.7795036158e-13
1.90577284782e-09	-7.22913352444e-12
1.9161869071e-09	6.60900587729e-13
1.92660096638e-09	1.92193093038e-12
1.93701502565e-09	-3.91981802919e-13
1.94742908493e-09	-8.49568798558e-12
1.95784314421e-09	2.16648227136e-12
1.96825720349e-09	6.31249132826e-12
1.97867126277e-09	2.43548974391e-12
1.98908532204e-09	6.46575631577e-12
1.99949938132e-09	-8.88906136198e-12
2.0099134406e-09	3.14270744844e-13
2.02032749988e-09	4.19220626095e-12
2.03074155915e-09	2.56621948084e-12
2.04115561843e-09	-1.61735555504e-12
2.05156967771e-09	1.12714525213e-12
2.06198373699e-09	-4.36287768066e-12
2.07239779626e-09	-4.10687065952e-12
2.08281185554e-09	-7.24520703849e-13
2.09322591482e-09	-4.04418122255e-12
2.1036399741e-09	-2.28097532182e-12
2.11405403338e-09	-3.62661897041e-12
2.12446809265e-09	5.40330649147e-12
2.13488215193e-09	-4.71095861973e-12
2.14529621121e-09	-3.60987932255e-12
2.15571027049e-09	-1.89885325345e-13
2.16612432976e-09	1.06699919082e-12
2.17653838904e-09	6.4060432306e-13
2.18695244832e-09	2.16589224854e-12
2.1973665076e-09	-3.35340305871e-12
2.20778056687e-09	2.87015018956e-12
2.21819462615e-09	-1.21181271398e-12
2.22860868543e-09	-3.12367579719e-12
2.23902274471e-09	-2.70806944577e-12
2.24943680399e-09	-4.16789573774e-12
2.25985086326e-09	3.17107234568e-13
2.27026492254e-09	5.54890118229e-13
2.28067898182e-09	4.59454002621e-12
2.2910930411e-09	7.8641477011e-13
2.30150710037e-09	-7.50744952316e-15
2.31192115965e-09	-8.61154376974e-12
2.32233521893e-09	-2.3288855653e-12
2.33274927821e-09	-4.53067010991e-12
2.34316333748e-09	4.07252118313e-12
2.35357739676e-09	1.35884042191e-12
2.36399145604e-09	2.19391562209e-12
2.37440551532e-09	-3.86229893554e-13
2.3848195746e-09	1.18406868511e-12
2.39523363387e-09	3.00233210689e-12
2.40564769315e-09	5.53867593608e-12
2.41606175243e-09	6.00297654467e-12
2.42647581171e-09	-3.82310155755e-12
2.43688987098e-09	3.17840144395e-12
2.44730393026e-09	3.84824117017e-13
2.45771798954e-09	3.05956605537e-12
2.46813204882e-09	-4.03992421114e-12
2.4785461081e-09	-4.80381533163e-12
2.48896016737e-09	-4.27494845079e-13
2.49937422665e-09	-1.50733939219e-12
2.50978828593e-09	6.29067631319e-12
2.52020234521e-09	-4.07091244395e-13
2.53061640448e-09	1.65348279773e-12
2.54103046376e-09	4.799027278e-12
2.55144452304e-09	-6.00252616709e-12
2.56185858232e-09	-7.02800231206e-13
2.57227264159e-09	1.30859103935e-12
2.58268670087e-09	1.81282593104e-12
2.59310076015e-09	3.59885081805e-12
2.60351481943e-09	6.98202639367e-12
2.61392887871e-09	3.94668000538e-12
2.62434293798e-09	1.73917325853e-12
2.63475699726e-09	4.53824060579e-12
2.64517105654e-09	3.49400358906e-12
2.65558511582e-09	9.1363049938e-13
2.66599917509e-09	2.26243394678e-12
2.67641323437e-09	2.49293966546e-12
2.68682729365e-09	-3.01516949429e-12
2.69724135293e-09	-5.21407439794e-12
2.7076554122e-09	-2.07750483483e-14
2.71806947148e-09	2.51818187071e-12
2.72848353076e-09	-1.06582602986e-12
2.73889759004e-09	-4.39545166757e-12
2.74931164932e-09	5.37324232417e-12
2.75972570859e-09	-2.78211178054e-12
2.77013976787e-09	6.46005276182e-13
2.78055382715e-09	-6.23652388412e-12
2.79096788643e-09	-6.54790024285e-13
2.8013819457e-09	-1.3550847998e-12
2.81179600498e-09	3.93828806372e-12
2.82221006426e-09	3.80422603141e-12
2.83262412354e-09	2.56539407772e-12
2.84303818282e-09	-2.99400868681e-12
2.85345224209e-09	3.56331804341e-12
2.86386630137e-09	-4.50579244055e-13
2.87428036065e-09	-5.74729933783e-13
2.88469441993e-09	-1.07627361884e-12
2.8951084792e-09	-2.03829900007e-12
2.90552253848e-09	-5.86081270321e-12
2.91593659776e-09	2.82097912738e-13
2.92635065704e-09	-7.50454819815e-13
2.93676471631e-09	8.60170224978e-13
2.94717877559e-09	-9.67816972397e-13
2.95759283487e-09	-1.51361800697e-12
2.96800689415e-09	-2.79592690146e-12
2.97842095343e-09	1.35363465228e-12
2.9888350127e-09	2.3162916897e-12
2.99924907198e-09	-1.24635111259e-13
3.00966313126e-09	8.42638979426e-12
3.02007719054e-09	-1.32612237164e-12
3.03049124981e-09	-3.70624884949e-12
3.04090530909e-09	-2.4429503559e-13
3.05131936837e-09	-3.4892551088e-12
3.06173342765e-09	3.24052568633e-12
3.07214748692e-09	-4.33757131775e-12
3.0825615462e-09	-5.06741371954e-12
3.09297560548e-09	-1.53820662804e-12
3.10338966476e-09	-1.82894693314e-12
3.11380372404e-09	-2.95200604412e-13
3.12421778331e-09	2.65911316404e-12
3.13463184259e-09	1.44437391734e-12
3.14504590187e-09	1.77289931867e-12
3.15545996115e-09	1.04844518484e-13
3.16587402042e-09	3.26778534787e-13
3.1762880797e-09	1.84285269336e-12
3.18670213898e-09	4.98234168766e-12
3.19711619826e-09	4.27065609439e-13
3.20753025753e-09	1.54042100256e-12
3.21794431681e-09	4.64664071109e-12
3.22835837609e-09	-1.21355182847e-13
3.23877243537e-09	-2.01686237156e-12
3.24918649465e-09	5.02352239667e-12
3.25960055392e-09	-1.45314923289e-12
3.2700146132e-09	-5.27555906946e-12
3.28042867248e-09	-1.59546854894e-14
3.29084273176e-09	-2.29352040831e-12
3.30125679103e-09	1.91606929975e-12
3.31167085031e-09	-3.83080719923e-12
3.32208490959e-09	3.94965668244e-12
3.33249896887e-09	-3.18274443259e-12
3.34291302815e-09	-8.0663687535e-13
3.35332708742e-09	-4.7378333895e-13
3.3637411467e-09	4.44764277491e-12
3.37415520598e-09	4.04824052969e-12
3.38456926526e-09	2.72141835976e-12
3.39498332453e-09	-3.75227713484e-12
3.40539738381e-09	-6.00629160123e-12
3.41581144309e-09	2.96793145615e-12
3.42622550237e-09	3.51053626273e-12
3.43663956164e-09	3.98767341847e-12
3.44705362092e-09	2.67934741234e-12
3.4574676802e-09	8.33308248793e-13
3.46788173948e-09	4.22863751393e-12
3.47829579876e-09	-5.71051886333e-13
3.48870985803e-09	-6.4730482259e-12
3.49912391731e-09	2.9806409077e-12
3.50953797659e-09	-6.3418627988e-13
3.51995203587e-09	-3.37583997215e-12
3.53036609514e-09	2.24513203168e-12
3.54078015442e-09	2.07723161588e-13
3.5511942137e-09	4.53796614001e-13
3.56160827298e-09	-3.95407621576e-12
3.57202233225e-09	8.15910707053e-13
3.58243639153e-09	2.91723394573e-12
3.59285045081e-09	-1.22656659135e-13
3.60326451009e-09	-2.97121225193e-12
3.61367856937e-09	2.49520933429e-12
3.62409262864e-09	-3.72931546755e-12
3.63450668792e-09	3.94658741451e-12
3.6449207472e-09	-7.46744072827e-12
3.65533480648e-09	8.72129408622e-13
3.66574886575e-09	-2.69048238549e-13
3.67616292503e-09	-3.35993993045e-12
3.68657698431e-09	1.93821651437e-12
3.69699104359e-09	1.44905636969e-12
3.70740510287e-09	3.52982747198e-12
3.71781916214e-09	-3.92167223175e-12
3.72823322142e-09	-3.33975338704e-12
3.7386472807e-09	-7.40292809692e-13
3.74906133998e-09	7.87292540189e-13
3.75947539925e-09	1.67328553357e-12
3.76988945853e-09	3.85952706426e-12
3.78030351781e-09	2.87515833624e-12
3.79071757709e-09	-5.68392826295e-12
3.80113163636e-09	-1.7742406936e-12
3.81154569564e-09	-8.12163270664e-13
3.82195975492e-09	1.02175819888e-12
3.8323738142e-09	4.76054352189e-12
3.84278787348e-09	1.55123442845e-12
3.85320193275e-09	5.12714697087e-12
3.86361599203e-09	-7.86066524372e-13
3.87403005131e-09	-5.89156674835e-12
3.88444411059e-09	3.42988154154e-12
3.89485816986e-09	3.65063404853e-12
3.90527222914e-09	1.56677947526e-12
3.91568628842e-09	-1.57589653133e-13
3.9261003477e-09	-2.77400661036e-13
3.93651440697e-09	-3.83296801416e-12
3.94692846625e-09	-1.94278187288e-12
3.95734252553e-09	-2.97133655571e-12
3.96775658481e-09	3.4136755922e-14
3.97817064409e-09	-1.90586912571e-13
3.98858470336e-09	-2.27371853984e-12
3.99899876264e-09	5.01708592206e-13
4.00941282192e-09	-4.71226660123e-12
4.0198268812e-09	4.69679633727e-13
4.03024094047e-09	-1.67161098331e-12
4.04065499975e-09	4.43061104298e-12
4.05106905903e-09	-1.77047612682e-12
4.06148311831e-09	3.20390052379e-12
4.07189717758e-09	7.29641173869e-13
4.08231123686e-09	2.13654593149e-12
4.09272529614e-09	2.3340665338e-12
4.10313935542e-09	-2.19762576192e-13
4.1135534147e-09	7.37918873141e-12
4.12396747397e-09	-1.47821945656e-12
4.13438153325e-09	6.46554478793e-12
4.14479559253e-09	3.6263567019e-12
4.15520965181e-09	3.27858747096e-12
4.16562371108e-09	2.08232736609e-12
4.17603777036e-09	2.24205582485e-12
4.18645182964e-09	6.40289655063e-12
4.19686588892e-09	-5.09927820455e-12
4.2072799482e-09	6.34069619726e-13
4.21769400747e-09	-2.74498913183e-12
4.22810806675e-09	-5.51256176123e-12
4.23852212603e-09	-2.61764958667e-12
4.24893618531e-09	1.39278085592e-12
4.25935024458e-09	3.52061695769e-13
4.26976430386e-09	-1.92623662246e-12
4.28017836314e-09	4.17521052454e-13
4.29059242242e-09	9.46752225228e-13
4.30100648169e-09	6.71983128864e-12
4.31142054097e-09	-2.41865723413e-12
4.32183460025e-09	6.87612607912e-12
4.33224865953e-09	1.86989101503e-12
4.34266271881e-09	4.51613421139e-12
4.35307677808e-09	2.40244152697e-12
4.36349083736e-09	-5.54488703217e-12
4.37390489664e-09	-4.03264205882e-12
4.38431895592e-09	3.93466032325e-12
4.39473301519e-09	-3.18064910347e-12
4.40514707447e-09	-6.18312381005e-13
4.41556113375e-09	-6.0160253515e-13
4.42597519303e-09	-6.16092420136e-12
4.4363892523e-09	2.18896903099e-12
4.44680331158e-09	-4.57049502411e-12
4.45721737086e-09	-6.20542679741e-13
4.46763143014e-09	-5.94476442899e-12
4.47804548942e-09	2.73722494323e-12
4.48845954869e-09	-3.76846297223e-12
4.49887360797e-09	2.55581103156e-12
4.50928766725e-09	-9.5537468995e-12
4.51970172653e-09	4.22320414317e-12
4.5301157858e-09	4.09453720929e-13
4.54052984508e-09	1.95967395956e-12
4.55094390436e-09	6.7287139402e-12
4.56135796364e-09	-1.74452900042e-13
4.57177202291e-09	4.45865501637e-12
4.58218608219e-09	5.24089755968e-12
4.59260014147e-09	6.59414238708e-12
4.60301420075e-09	-2.75100363496e-12
4.61342826003e-09	7.96653704376e-13
4.6238423193e-09	1.64303249825e-13
4.63425637858e-09	1.19838253904e-12
4.64467043786e-09	3.12264320304e-12
4.65508449714e-09	-1.26810346078e-12
4.66549855641e-09	-5.9871812369e-14
4.67591261569e-09	-5.01205847658e-12
4.68632667497e-09	-7.23217492837e-13
4.69674073425e-09	-8.69590423974e-13
4.70715479353e-09	1.45016746007e-12
4.7175688528e-09	1.41836488301e-12
4.72798291208e-09	-2.80158361787e-12
4.73839697136e-09	2.01946878003e-12
4.74881103064e-09	3.52601671819e-12
4.75922508991e-09	7.22499669684e-13
4.76963914919e-09	2.22438929255e-13
4.78005320847e-09	1.29817163963e-12
4.79046726775e-09	4.85888282734e-12
4.80088132702e-09	-1.24787051352e-12
4.8112953863e-09	3.85942579978e-13
4.82170944558e-09	-6.71484786177e-13
4.83212350486e-09	-5.036062279e-12
4.84253756414e-09	3.08253205947e-13
4.85295162341e-09	2.02589854614e-12
4.86336568269e-09	-5.52309283378e-13
4.87377974197e-09	-4.95922747312e-13
4.88419380125e-09	-2.60425361831e-14
4.89460786052e-09	-4.17095611521e-13
4.9050219198e-09	2.8877659812e-13
4.91543597908e-09	-2.2619610178e-12
4.92585003836e-09	-2.52560147275e-12
4.93626409763e-09	-7.26149999505e-12
