% time-domain voltage integration by openEMS v0.37.0-rc1 @Mon Jul  6 16:22:25 2026
% start-coordinates: (0.000307692,4.33522e-06,0.0005) m -> [31,27,33]
% stop-coordinates: (0.000307692,1.16478e-05,0.0005) m -> [31,31,33]
% t/s	voltage
0	0
1.04140592777e-11	-1.12001022345e-09
2.08281185554e-11	4.56524904685e-11
3.12421778331e-11	4.84541889945e-09
4.16562371108e-11	1.58163897535e-08
5.20702963886e-11	3.53828402133e-08
6.24843556663e-11	6.21903648579e-08
7.2898414944e-11	8.61342499547e-08
8.33124742217e-11	8.25507235902e-08
9.37265334994e-11	9.98345461856e-09
1.04140592777e-10	-1.82242345659e-07
1.14554652055e-10	-5.30254034459e-07
1.24968711333e-10	-1.01556101129e-06
1.3538277061e-10	-1.51986913011e-06
1.45796829888e-10	-1.80016272111e-06
1.56210889166e-10	-1.51732498921e-06
1.66624948443e-10	-3.42364401718e-07
1.77039007721e-10	1.86969759852e-06
1.87453066999e-10	4.89529509196e-06
1.97867126277e-10	8.04501553375e-06
2.08281185554e-10	1.02499327568e-05
2.18695244832e-10	1.03676691197e-05
2.2910930411e-10	7.63668708714e-06
2.39523363387e-10	2.10254427202e-06
2.49937422665e-10	-5.19866608784e-06
2.60351481943e-10	-1.24425628201e-05
2.7076554122e-10	-1.75827256044e-05
2.81179600498e-10	-1.90759653833e-05
2.91593659776e-10	-1.64627824688e-05
3.02007719054e-10	-1.05442168206e-05
3.12421778331e-10	-3.07457605686e-06
3.22835837609e-10	3.89023085745e-06
3.33249896887e-10	8.7025770199e-06
3.43663956164e-10	1.06007230443e-05
3.54078015442e-10	9.7974077562e-06
3.6449207472e-10	7.20877255844e-06
3.74906133998e-10	3.99858811306e-06
3.85320193275e-10	1.15135185297e-06
3.95734252553e-10	-7.74442071361e-07
4.06148311831e-10	-1.67381966776e-06
4.16562371108e-10	-1.76287585418e-06
4.26976430386e-10	-1.38867423516e-06
4.37390489664e-10	-8.70621164495e-07
4.47804548942e-10	-4.1683651375e-07
4.58218608219e-10	-1.13755435294e-07
4.68632667497e-10	4.01475008793e-08
4.79046726775e-10	8.84538202683e-08
4.89460786052e-10	8.08529270202e-08
4.9987484533e-10	5.43190026292e-08
5.10288904608e-10	2.90118693513e-08
5.20702963886e-10	1.19613337013e-08
5.31117023163e-10	3.02038799527e-09
5.41531082441e-10	-5.24090201792e-10
5.51945141719e-10	-1.19765573847e-09
5.62359200996e-10	-2.85859779858e-11
5.72773260274e-10	-3.61510855837e-12
5.83187319552e-10	-4.89976950072e-12
5.9360137883e-10	2.01560565113e-11
6.04015438107e-10	7.10932414284e-12
6.14429497385e-10	-1.77507648337e-11
6.24843556663e-10	1.05827068029e-11
6.3525761594e-10	9.89968865347e-12
6.45671675218e-10	-4.3740458304e-12
6.56085734496e-10	-7.20836671603e-12
6.66499793773e-10	1.09010562079e-11
6.76913853051e-10	-4.41166200793e-13
6.87327912329e-10	6.43395493133e-12
6.97741971607e-10	-3.88697407594e-12
7.08156030884e-10	-2.69565251197e-12
7.18570090162e-10	1.39967651185e-11
7.2898414944e-10	9.57923605889e-12
7.39398208717e-10	-8.50031330046e-12
7.49812267995e-10	2.8013767521e-12
7.60226327273e-10	5.85039959186e-12
7.70640386551e-10	7.88744601316e-12
7.81054445828e-10	-2.65668216592e-12
7.91468505106e-10	1.05696589718e-11
8.01882564384e-10	-4.13650494066e-12
8.12296623661e-10	-5.12725387321e-12
8.22710682939e-10	-3.91307537588e-12
8.33124742217e-10	2.37674745336e-12
8.43538801495e-10	2.35030744866e-13
8.53952860772e-10	-3.57803131741e-12
8.6436692005e-10	3.9164679529e-12
8.74780979328e-10	3.59744536677e-12
8.85195038605e-10	3.22646683676e-12
8.95609097883e-10	-1.06644863296e-11
9.06023157161e-10	2.15386432648e-12
9.16437216439e-10	5.19770831193e-12
9.26851275716e-10	9.46672124372e-12
9.37265334994e-10	-7.2054588858e-12
9.47679394272e-10	-9.74501794364e-12
9.58093453549e-10	1.23547245568e-11
9.68507512827e-10	-4.32890875923e-12
9.78921572105e-10	-1.44389808812e-12
9.89335631383e-10	-4.93705204214e-12
9.9974969066e-10	-1.10213932165e-11
1.01016374994e-09	7.59264547935e-12
1.02057780922e-09	-2.41774048698e-13
1.03099186849e-09	-3.38795918403e-12
1.04140592777e-09	-4.96959916794e-12
1.05181998705e-09	-1.99031741609e-12
1.06223404633e-09	-1.0953680454e-12
1.0726481056e-09	-4.96741699423e-12
1.08306216488e-09	-5.03595993032e-12
1.09347622416e-09	5.93717392958e-12
1.10389028344e-09	-1.20929345097e-11
1.11430434272e-09	2.24581020013e-12
1.12471840199e-09	-7.78119214027e-13
1.13513246127e-09	3.702958838e-12
1.14554652055e-09	4.62733800929e-12
1.15596057983e-09	-8.53012495708e-12
1.1663746391e-09	-9.46085310788e-12
1.17678869838e-09	-2.5020983549e-12
1.18720275766e-09	-1.79202269343e-12
1.19761681694e-09	-4.8096101754e-12
1.20803087621e-09	-8.90514766962e-13
1.21844493549e-09	-4.50416180048e-13
1.22885899477e-09	5.48740350034e-12
1.23927305405e-09	-7.0438017398e-12
1.24968711333e-09	8.48034056172e-12
1.2601011726e-09	-5.5983431866e-12
1.27051523188e-09	1.05984882329e-12
1.28092929116e-09	8.60749562988e-12
1.29134335044e-09	-2.35802479973e-12
1.30175740971e-09	3.41946349708e-12
1.31217146899e-09	-1.26402387906e-12
1.32258552827e-09	2.97339128146e-12
1.33299958755e-09	2.03183926932e-12
1.34341364682e-09	1.31141516917e-12
1.3538277061e-09	2.70737252062e-12
1.36424176538e-09	-1.19527261352e-12
1.37465582466e-09	3.15252251387e-12
1.38506988394e-09	3.86730979272e-12
1.39548394321e-09	7.99698154919e-12
1.40589800249e-09	-3.3794703147e-12
1.41631206177e-09	3.33467975455e-12
1.42672612105e-09	-5.94432272502e-12
1.43714018032e-09	-3.59982031163e-12
1.4475542396e-09	-7.50848211731e-12
1.45796829888e-09	-1.10006691256e-11
1.46838235816e-09	-1.54455094548e-12
1.47879641743e-09	-8.63851449141e-12
1.48921047671e-09	8.89085680078e-13
1.49962453599e-09	5.15623568148e-13
1.51003859527e-09	2.48457011258e-12
1.52045265455e-09	-5.32623012535e-12
1.53086671382e-09	2.88010804442e-12
1.5412807731e-09	-6.99561589212e-12
1.55169483238e-09	7.3801496598e-12
1.56210889166e-09	3.78902595063e-12
1.57252295093e-09	7.25356883932e-12
1.58293701021e-09	1.69722867488e-12
1.59335106949e-09	-4.96608960551e-12
1.60376512877e-09	5.36078169702e-12
1.61417918805e-09	5.86441572387e-12
1.62459324732e-09	2.28078840536e-13
1.6350073066e-09	-1.23358896882e-12
1.64542136588e-09	5.57739748483e-12
1.65583542516e-09	-5.95172451904e-12
1.66624948443e-09	2.43179738499e-12
1.67666354371e-09	8.12802949945e-13
1.68707760299e-09	3.33571061398e-12
1.69749166227e-09	-3.9254623857e-12
1.70790572154e-09	3.88684202011e-12
1.71831978082e-09	3.08839954478e-12
1.7287338401e-09	2.25478880359e-12
1.73914789938e-09	-3.26007233362e-13
1.74956195866e-09	5.9932078831e-12
1.75997601793e-09	1.03957385235e-11
1.77039007721e-09	-9.06867940118e-12
1.78080413649e-09	-8.33241245099e-13
1.79121819577e-09	-1.5459898986e-12
1.80163225504e-09	5.53994751549e-12
1.81204631432e-09	4.08087149142e-12
1.8224603736e-09	-9.08896005333e-13
1.83287443288e-09	-2.34138663319e-12
1.84328849215e-09	-2.50815709348e-12
1.85370255143e-09	4.76591162368e-12
1.86411661071e-09	5.12077121158e-12
1.87453066999e-09	1.04874962881e-12
1.88494472927e-09	-5.37530653669e-12
1.89535878854e-09	-3.35133006416e-12
1.90577284782e-09	-2.71809441274e-12
1.9161869071e-09	-1.57808683655e-12
1.92660096638e-09	-4.09157473527e-12
1.93701502565e-09	1.0578014159e-12
1.94742908493e-09	6.35108938639e-12
1.95784314421e-09	-3.53807131162e-12
1.96825720349e-09	-5.50939800508e-12
1.97867126277e-09	3.66575389835e-12
1.98908532204e-09	-4.95860861052e-12
1.99949938132e-09	2.87178028753e-12
2.0099134406e-09	1.22886726836e-13
2.02032749988e-09	-2.46680800786e-12
2.03074155915e-09	-2.53699969019e-12
2.04115561843e-09	2.33763258316e-12
2.05156967771e-09	5.47990364023e-13
2.06198373699e-09	-1.72249107339e-12
2.07239779626e-09	3.81271099761e-12
2.08281185554e-09	-9.54080347712e-13
2.09322591482e-09	4.71622784229e-12
2.1036399741e-09	-2.33333448049e-12
2.11405403338e-09	1.64782423817e-12
2.12446809265e-09	5.89539788515e-12
2.13488215193e-09	-2.40136231212e-12
2.14529621121e-09	-2.74906312991e-12
2.15571027049e-09	-8.17539547344e-12
2.16612432976e-09	3.87089730929e-12
2.17653838904e-09	-2.00348591883e-12
2.18695244832e-09	-2.03391101704e-12
2.1973665076e-09	7.67835488659e-12
2.20778056687e-09	3.64020022892e-12
2.21819462615e-09	-1.52284933795e-12
2.22860868543e-09	1.21575796305e-12
2.23902274471e-09	1.36453213095e-12
2.24943680399e-09	-1.3904634822e-12
2.25985086326e-09	4.67322469784e-12
2.27026492254e-09	-1.76072958297e-12
2.28067898182e-09	-4.22734763861e-12
2.2910930411e-09	-5.85764076133e-13
2.30150710037e-09	2.00524666316e-12
2.31192115965e-09	1.08979045406e-11
2.32233521893e-09	4.31502446621e-12
2.33274927821e-09	-5.11584611479e-12
2.34316333748e-09	2.32790002552e-12
2.35357739676e-09	2.76739612129e-12
2.36399145604e-09	-2.64613808296e-12
2.37440551532e-09	-3.32882289442e-12
2.3848195746e-09	7.01801984582e-12
2.39523363387e-09	-3.31075531573e-12
2.40564769315e-09	1.66770709655e-12
2.41606175243e-09	6.86008823532e-12
2.42647581171e-09	-5.83143082433e-12
2.43688987098e-09	-4.00649988446e-12
2.44730393026e-09	-1.94379690295e-12
2.45771798954e-09	7.59884641105e-13
2.46813204882e-09	-6.99507292368e-13
2.4785461081e-09	-3.81746804307e-12
2.48896016737e-09	7.92516659937e-13
2.49937422665e-09	3.17596036276e-12
2.50978828593e-09	7.54137572702e-12
2.52020234521e-09	3.66045800441e-12
2.53061640448e-09	-6.97537578913e-12
2.54103046376e-09	-3.72692870489e-14
2.55144452304e-09	7.78073130014e-12
2.56185858232e-09	3.29696968511e-12
2.57227264159e-09	-1.28550490565e-13
2.58268670087e-09	-7.69447483159e-12
2.59310076015e-09	-3.45291286882e-13
2.60351481943e-09	-1.48906668246e-12
2.61392887871e-09	-5.85182033039e-12
2.62434293798e-09	4.77842459069e-12
2.63475699726e-09	-8.37553377347e-12
2.64517105654e-09	3.14489580211e-12
2.65558511582e-09	-1.09773357938e-11
2.66599917509e-09	2.35834518147e-12
2.67641323437e-09	-5.91221976974e-12
2.68682729365e-09	5.76759907195e-12
2.69724135293e-09	3.64199306564e-12
2.7076554122e-09	1.51326347286e-12
2.71806947148e-09	5.18016142134e-12
2.72848353076e-09	3.36613050801e-12
2.73889759004e-09	-1.86541060376e-12
2.74931164932e-09	4.44692785199e-13
2.75972570859e-09	-1.30983808869e-12
2.77013976787e-09	-4.21036144317e-12
2.78055382715e-09	3.22631277163e-12
2.79096788643e-09	-1.24161596803e-12
2.8013819457e-09	4.41563647625e-12
2.81179600498e-09	-1.37469419528e-12
2.82221006426e-09	-2.8939637145e-12
2.83262412354e-09	3.29754322806e-12
2.84303818282e-09	5.6911966459e-12
2.85345224209e-09	-4.62568004733e-12
2.86386630137e-09	-6.3603809719e-13
2.87428036065e-09	-3.72880545885e-13
2.88469441993e-09	6.8792541108e-13
2.8951084792e-09	4.66859309458e-12
2.90552253848e-09	1.93602794386e-12
2.91593659776e-09	-1.07369581975e-12
2.92635065704e-09	-4.58391657965e-12
2.93676471631e-09	-6.3378729348e-13
2.94717877559e-09	6.05466436536e-12
2.95759283487e-09	-1.8648906204e-12
2.96800689415e-09	9.38652367638e-14
2.97842095343e-09	2.89790760832e-13
2.9888350127e-09	-5.32669828385e-13
2.99924907198e-09	-3.86676823373e-12
3.00966313126e-09	-2.11298209832e-12
3.02007719054e-09	-2.86656961189e-12
3.03049124981e-09	1.1586511969e-11
3.04090530909e-09	2.20321677569e-12
3.05131936837e-09	-6.12998540817e-12
3.06173342765e-09	-1.71508618939e-12
3.07214748692e-09	-5.64721446689e-13
3.0825615462e-09	3.39044417541e-12
3.09297560548e-09	1.4091982789e-12
3.10338966476e-09	-3.15169028028e-12
3.11380372404e-09	4.00253875182e-12
3.12421778331e-09	-5.07273216488e-12
3.13463184259e-09	-4.54754029572e-12
3.14504590187e-09	5.70630673789e-13
3.15545996115e-09	-1.4720390705e-12
3.16587402042e-09	-2.79832840927e-12
3.1762880797e-09	-4.63533898765e-12
3.18670213898e-09	1.1193261487e-12
3.19711619826e-09	3.39050012024e-12
3.20753025753e-09	-2.52476772128e-12
3.21794431681e-09	7.61447328801e-13
3.22835837609e-09	3.78936335435e-12
3.23877243537e-09	7.33448458218e-13
3.24918649465e-09	-3.38932441141e-13
3.25960055392e-09	5.93251359496e-13
3.2700146132e-09	3.3481759032e-12
3.28042867248e-09	1.693332757e-12
3.29084273176e-09	5.67607928974e-12
3.30125679103e-09	-4.91883790643e-12
3.31167085031e-09	2.46039321729e-12
3.32208490959e-09	-6.84196839809e-13
3.33249896887e-09	4.48888062138e-12
3.34291302815e-09	1.98158779966e-12
3.35332708742e-09	1.932205047e-12
3.3637411467e-09	1.8602502351e-12
3.37415520598e-09	-1.01601715322e-11
3.38456926526e-09	3.97875851189e-13
3.39498332453e-09	7.26408950352e-14
3.40539738381e-09	-1.22440078909e-12
3.41581144309e-09	-9.03912502574e-12
3.42622550237e-09	-1.81484991965e-12
3.43663956164e-09	-2.5094678939e-12
3.44705362092e-09	-8.84915513262e-13
3.4574676802e-09	-2.19104812418e-12
3.46788173948e-09	-2.63514351399e-12
3.47829579876e-09	2.79121636828e-12
3.48870985803e-09	2.64634950238e-12
3.49912391731e-09	3.90841265602e-12
3.50953797659e-09	-3.12947164385e-14
3.51995203587e-09	4.2109772158e-12
3.53036609514e-09	-1.38793989322e-12
3.54078015442e-09	1.92502459286e-12
3.5511942137e-09	1.94278881177e-12
3.56160827298e-09	-4.24641290013e-12
3.57202233225e-09	-4.8343512353e-12
3.58243639153e-09	-4.87433617774e-12
3.59285045081e-09	1.72450964099e-12
3.60326451009e-09	-6.72851965117e-13
3.61367856937e-09	2.63024498015e-12
3.62409262864e-09	-1.87250237017e-12
3.63450668792e-09	-5.70092540883e-12
3.6449207472e-09	5.30796988394e-12
3.65533480648e-09	2.38907906045e-12
3.66574886575e-09	1.08726374258e-12
3.67616292503e-09	-2.22080459491e-12
3.68657698431e-09	9.50598107174e-13
3.69699104359e-09	-1.43925908518e-12
3.70740510287e-09	1.68005496667e-12
3.71781916214e-09	-3.00537307714e-12
3.72823322142e-09	-5.25548463255e-13
3.7386472807e-09	5.2438509264e-12
3.74906133998e-09	4.23471636446e-12
3.75947539925e-09	-1.52162137057e-13
3.76988945853e-09	-1.99778973746e-12
3.78030351781e-09	-8.73505694859e-13
3.79071757709e-09	-1.23367798182e-12
3.80113163636e-09	-2.77114746081e-12
3.81154569564e-09	-8.77634770413e-13
3.82195975492e-09	-1.98726853116e-12
3.8323738142e-09	-5.51729343636e-13
3.84278787348e-09	-7.43723659047e-13
3.85320193275e-09	-3.04089305819e-12
3.86361599203e-09	5.00905041187e-12
3.87403005131e-09	-3.56112405189e-12
3.88444411059e-09	2.3608749504e-12
3.89485816986e-09	-3.69197727945e-12
3.90527222914e-09	-1.30872873302e-12
3.91568628842e-09	3.67817798788e-12
3.9261003477e-09	-7.58397034409e-13
3.93651440697e-09	4.3950633199e-12
3.94692846625e-09	-3.76711509209e-12
3.95734252553e-09	6.32598053801e-12
3.96775658481e-09	-5.19569847215e-12
3.97817064409e-09	2.53618751434e-12
3.98858470336e-09	-1.88141169311e-12
3.99899876264e-09	-3.84132829712e-14
4.00941282192e-09	-3.68949011967e-13
4.0198268812e-09	3.86585164922e-12
4.03024094047e-09	1.03212534006e-12
4.04065499975e-09	-3.45301435015e-12
4.05106905903e-09	-3.43643668209e-12
4.06148311831e-09	-2.74091610953e-12
4.07189717758e-09	7.0499018949e-12
4.08231123686e-09	2.20650711244e-12
4.09272529614e-09	-5.00734436554e-14
4.10313935542e-09	-6.53360438668e-12
4.1135534147e-09	-8.26393879542e-12
4.12396747397e-09	-1.30423775078e-12
4.13438153325e-09	-4.5436167849e-12
4.14479559253e-09	-3.62918679483e-12
4.15520965181e-09	-3.6054134938e-12
4.16562371108e-09	-2.71004659685e-12
4.17603777036e-09	3.08909798782e-13
4.18645182964e-09	-1.33117432008e-12
4.19686588892e-09	3.75408455407e-12
4.2072799482e-09	-9.70794408403e-13
4.21769400747e-09	3.86570289668e-12
4.22810806675e-09	1.09069567614e-11
4.23852212603e-09	3.23323746249e-12
4.24893618531e-09	3.54309940762e-12
4.25935024458e-09	3.68542002471e-15
4.26976430386e-09	3.32311229315e-12
4.28017836314e-09	-1.70595438817e-12
4.29059242242e-09	-1.58907479189e-12
4.30100648169e-09	2.20148812374e-12
4.31142054097e-09	-3.60583589896e-12
4.32183460025e-09	2.05195474327e-12
4.33224865953e-09	1.90658578335e-12
4.34266271881e-09	4.92697245849e-12
4.35307677808e-09	-6.31019368702e-12
4.36349083736e-09	2.07110890937e-12
4.37390489664e-09	8.54918609863e-12
4.38431895592e-09	1.24836100658e-12
4.39473301519e-09	-3.95693981053e-12
4.40514707447e-09	1.54140193448e-12
4.41556113375e-09	4.1011029208e-12
4.42597519303e-09	-1.66428633028e-12
4.4363892523e-09	8.73827529432e-12
4.44680331158e-09	4.20160900429e-12
4.45721737086e-09	4.86527268126e-12
4.46763143014e-09	1.0150216171e-12
4.47804548942e-09	4.4346943652e-12
4.48845954869e-09	7.5377707548e-12
4.49887360797e-09	1.69379592817e-12
4.50928766725e-09	2.12962416798e-12
4.51970172653e-09	-2.24413825196e-12
4.5301157858e-09	-5.81957247149e-12
4.54052984508e-09	2.66351762694e-12
4.55094390436e-09	-2.55402665163e-12
4.56135796364e-09	2.22307177007e-12
4.57177202291e-09	6.70117531344e-12
4.58218608219e-09	5.95066790982e-12
4.59260014147e-09	4.07484354419e-12
4.60301420075e-09	-5.91269784869e-12
4.61342826003e-09	1.17687457002e-12
4.6238423193e-09	3.21644149032e-12
4.63425637858e-09	-4.38318348631e-12
4.64467043786e-09	-2.27627465488e-12
4.65508449714e-09	-3.56581084104e-13
4.66549855641e-09	9.21440332889e-13
4.67591261569e-09	2.72402781755e-12
4.68632667497e-09	2.39963127494e-12
4.69674073425e-09	5.83122807853e-12
4.70715479353e-09	1.04537342324e-12
4.7175688528e-09	3.04602870704e-12
4.72798291208e-09	4.42957519622e-13
4.73839697136e-09	-9.83027515725e-13
4.74881103064e-09	-8.53503487504e-12
4.75922508991e-09	-4.92613241865e-12
4.76963914919e-09	-5.53692378405e-12
4.78005320847e-09	-1.09056473162e-12
4.79046726775e-09	-1.37916132507e-12
4.80088132702e-09	-1.66275131684e-12
4.8112953863e-09	2.22685671986e-12
4.82170944558e-09	-1.19046482741e-14
4.83212350486e-09	1.92914065798e-12
4.84253756414e-09	3.41489307501e-12
4.85295162341e-09	-9.0941316977e-13
4.86336568269e-09	-2.39238316657e-13
4.87377974197e-09	2.36824101996e-12
4.88419380125e-09	-4.63391174391e-12
4.89460786052e-09	2.84296024222e-12
4.9050219198e-09	-2.80840455058e-13
4.91543597908e-09	-1.99864604034e-12
4.92585003836e-09	7.14566643703e-13
4.93626409763e-09	5.33141862906e-12
