% time-domain current integration by openEMS v0.37.0-rc1 @Mon Jul  6 16:22:25 2026
% start-coordinates: (0.000269231,-6.32956e-06,0.00049641) m -> [30,20,31]
% stop-coordinates: (0.000269231,4.33522e-06,0.000501795) m -> [30,27,34]
% t/s	current
1.64727290062e-15	-0
1.04157065506e-11	4.50379837591e-11
2.08297658283e-11	-5.33585241963e-12
3.1243825106e-11	-1.98963512332e-10
4.16578843837e-11	-6.4421662449e-10
5.20719436615e-11	-1.43309830669e-09
6.24860029392e-11	-2.5094910594e-09
7.29000622169e-11	-3.45983375283e-09
8.33141214946e-11	-3.28178728637e-09
9.37281807723e-11	-3.07317810089e-10
1.0414224005e-10	7.49103801212e-09
1.14556299328e-10	2.1535072392e-08
1.24970358605e-10	4.10282936514e-08
1.35384417883e-10	6.11469914702e-08
1.45798477161e-10	7.20731634374e-08
1.56212536439e-10	6.01968039859e-08
1.66626595716e-10	1.24186927408e-08
1.77040654994e-10	-7.68473569224e-08
1.87454714272e-10	-1.98320506684e-07
1.97868773549e-10	-3.24067855217e-07
2.08282832827e-10	-4.1111636051e-07
2.18696892105e-10	-4.13860760773e-07
2.29110951383e-10	-3.02302140653e-07
2.3952501066e-10	-7.89965568515e-08
2.49939069938e-10	2.13862847431e-07
2.60353129216e-10	5.02847399275e-07
2.70767188493e-10	7.06175228515e-07
2.81181247771e-10	7.62751596994e-07
2.91595307049e-10	6.55159851704e-07
3.02009366327e-10	4.16371022993e-07
3.12423425604e-10	1.17101727426e-07
3.22837484882e-10	-1.60438275998e-07
3.3325154416e-10	-3.5086736716e-07
3.43665603437e-10	-4.2448849058e-07
3.54079662715e-10	-3.90510535908e-07
3.64493721993e-10	-2.8597892765e-07
3.7490778127e-10	-1.57472854312e-07
3.85321840548e-10	-4.41186429612e-08
3.95735899826e-10	3.21094972833e-08
4.06149959104e-10	6.73317828159e-08
4.16564018381e-10	7.03787961243e-08
4.26978077659e-10	5.5172051816e-08
4.37392136937e-10	3.4426101081e-08
4.47806196214e-10	1.63690057065e-08
4.58220255492e-10	4.36959712857e-09
4.6863431477e-10	-1.68265357203e-09
4.79048374048e-10	-3.55075169267e-09
4.89462433325e-10	-3.21824034089e-09
4.99876492603e-10	-2.15129669634e-09
5.10290551881e-10	-1.14292031395e-09
5.20704611158e-10	-4.6762438366e-10
5.31118670436e-10	-1.15984957749e-10
5.41532729714e-10	2.19253556283e-11
5.51946788992e-10	4.5605224458e-11
5.62360848269e-10	1.33855632741e-12
5.72774907547e-10	4.50007164778e-13
5.83188966825e-10	2.95047406645e-13
5.93603026102e-10	-1.39700534127e-14
6.0401708538e-10	-8.49432882973e-13
6.14431144658e-10	4.04940783596e-13
6.24845203936e-10	4.03267615698e-13
6.35259263213e-10	2.77379519093e-13
6.45673322491e-10	-1.57306120712e-13
6.56087381769e-10	-2.74375682764e-13
6.66501441046e-10	-4.97330800674e-13
6.76915500324e-10	-9.73665050495e-15
6.87329559602e-10	1.30303049167e-13
6.9774361888e-10	2.75841469891e-13
7.08157678157e-10	8.29454235331e-13
7.18571737435e-10	3.58869211474e-13
7.28985796713e-10	-4.05458110662e-13
7.3939985599e-10	-5.17834039537e-13
7.49813915268e-10	2.90698210946e-13
7.60227974546e-10	-1.24318835933e-13
7.70642033823e-10	-2.35016867078e-13
7.81056093101e-10	2.93361662003e-13
7.91470152379e-10	4.44455263609e-14
8.01884211657e-10	-3.34815291811e-13
8.12298270934e-10	-9.55234968816e-14
8.22712330212e-10	7.42604762405e-14
8.3312638949e-10	-4.18851829305e-14
8.43540448767e-10	-1.17199341052e-13
8.53954508045e-10	3.16847513938e-14
8.64368567323e-10	1.05685019113e-13
8.74782626601e-10	1.9385534844e-15
8.85196685878e-10	8.85211229405e-14
8.95610745156e-10	-3.10946364143e-13
9.06024804434e-10	3.27507416803e-13
9.16438863711e-10	3.65423213607e-13
9.26852922989e-10	8.08612210393e-14
9.37266982267e-10	-7.41520289182e-14
9.47681041545e-10	1.1131026656e-13
9.58095100822e-10	1.69245761611e-13
9.685091601e-10	1.47130463195e-13
9.78923219378e-10	-1.03817914552e-14
9.89337278655e-10	-1.2649953242e-13
9.99751337933e-10	-1.01841109059e-13
1.01016539721e-09	9.24116130298e-14
1.02057945649e-09	3.33684563813e-14
1.03099351577e-09	-8.84073155937e-14
1.04140757504e-09	-1.47203890787e-14
1.05182163432e-09	-5.19785833841e-14
1.0622356936e-09	8.20290423044e-14
1.07264975288e-09	7.16581809623e-14
1.08306381215e-09	9.72342323845e-15
1.09347787143e-09	-2.31122683925e-13
1.10389193071e-09	2.40998600199e-13
1.11430598999e-09	-3.21206006671e-14
1.12472004927e-09	-1.58006406895e-14
1.13513410854e-09	-1.00897250082e-13
1.14554816782e-09	-3.99801556878e-13
1.1559622271e-09	-4.88983907618e-13
1.16637628638e-09	4.2574868327e-13
1.17679034565e-09	2.85022927569e-14
1.18720440493e-09	-1.66560721378e-13
1.19761846421e-09	-2.8990942676e-13
1.20803252349e-09	3.53367915441e-15
1.21844658277e-09	5.6038507168e-14
1.22886064204e-09	-3.85638488374e-13
1.23927470132e-09	-7.45008574147e-14
1.2496887606e-09	4.29298659338e-14
1.26010281988e-09	-1.67224957839e-13
1.27051687915e-09	3.08721825231e-14
1.28093093843e-09	-8.99493627911e-14
1.29134499771e-09	-3.01546602358e-13
1.30175905699e-09	-5.3918539555e-14
1.31217311626e-09	-8.32379954893e-15
1.32258717554e-09	1.40166063435e-13
1.33300123482e-09	8.91347678176e-14
1.3434152941e-09	-2.58962935731e-13
1.35382935338e-09	-1.3009011186e-13
1.36424341265e-09	-1.93843666162e-13
1.37465747193e-09	3.1957218176e-14
1.38507153121e-09	6.10208566077e-14
1.39548559049e-09	-1.48200435214e-13
1.40589964976e-09	-1.39085750838e-13
1.41631370904e-09	5.95576309082e-14
1.42672776832e-09	3.30509545513e-14
1.4371418276e-09	5.32893770343e-14
1.44755588687e-09	7.17985986962e-14
1.45796994615e-09	1.89485159876e-13
1.46838400543e-09	1.00673213255e-13
1.47879806471e-09	-9.56743026275e-14
1.48921212399e-09	-1.30999459327e-13
1.49962618326e-09	-3.97343833183e-14
1.51004024254e-09	6.02384353336e-14
1.52045430182e-09	6.6671291426e-14
1.5308683611e-09	1.36182542023e-13
1.54128242037e-09	-5.42906648457e-14
1.55169647965e-09	1.31152738409e-13
1.56211053893e-09	-4.33550764734e-14
1.57252459821e-09	1.07149505197e-13
1.58293865748e-09	-3.52562624277e-14
1.59335271676e-09	4.14751579977e-14
1.60376677604e-09	-2.84136727818e-14
1.61418083532e-09	2.63802516073e-14
1.6245948946e-09	2.01307530758e-13
1.63500895387e-09	6.42726431972e-14
1.64542301315e-09	1.09290235282e-13
1.65583707243e-09	8.62372375116e-14
1.66625113171e-09	7.20726917817e-14
1.67666519098e-09	-6.52678255951e-14
1.68707925026e-09	1.87675802633e-13
1.69749330954e-09	4.15349720763e-14
1.70790736882e-09	-8.57941850701e-14
1.7183214281e-09	1.43392391602e-13
1.72873548737e-09	1.04121829973e-13
1.73914954665e-09	-5.9345296689e-14
1.74956360593e-09	3.3854760358e-13
1.75997766521e-09	-1.12783866719e-13
1.77039172448e-09	7.71420484457e-14
1.78080578376e-09	7.41790933149e-14
1.79121984304e-09	-1.61147869137e-13
1.80163390232e-09	-1.94229371085e-13
1.81204796159e-09	-4.50248901205e-14
1.82246202087e-09	-1.52492466354e-13
1.83287608015e-09	3.04281339708e-14
1.84329013943e-09	8.26274947985e-14
1.85370419871e-09	3.26807781141e-13
1.86411825798e-09	-9.29428178842e-14
1.87453231726e-09	8.0276185547e-14
1.88494637654e-09	1.47119079072e-13
1.89536043582e-09	2.36290127005e-13
1.90577449509e-09	-1.91351573258e-13
1.91618855437e-09	-1.58000701281e-13
1.92660261365e-09	-3.37501362036e-14
1.93701667293e-09	4.18413405052e-14
1.9474307322e-09	-5.96464880525e-14
1.95784479148e-09	2.726093819e-13
1.96825885076e-09	1.07517320784e-13
1.97867291004e-09	-2.53071896121e-13
1.98908696932e-09	2.13337241753e-14
1.99950102859e-09	1.53265963289e-13
2.00991508787e-09	3.66418538306e-13
2.02032914715e-09	1.57236420065e-15
2.03074320643e-09	7.74739972696e-14
2.0411572657e-09	2.20095073894e-13
2.05157132498e-09	1.94261273734e-13
2.06198538426e-09	1.53858195173e-13
2.07239944354e-09	-1.00136614495e-13
2.08281350282e-09	1.23078806803e-13
2.09322756209e-09	7.71272287573e-14
2.10364162137e-09	6.78626805358e-14
2.11405568065e-09	-9.95202049025e-15
2.12446973993e-09	-9.28466627041e-14
2.1348837992e-09	4.89715147774e-14
2.14529785848e-09	5.36223084165e-14
2.15571191776e-09	5.29063826169e-14
2.16612597704e-09	-1.56153505382e-13
2.17654003631e-09	-6.80577556117e-14
2.18695409559e-09	1.42538609496e-13
2.19736815487e-09	2.71740312544e-13
2.20778221415e-09	6.53866473769e-14
2.21819627343e-09	3.11700873988e-14
2.2286103327e-09	4.23014826834e-14
2.23902439198e-09	5.15282803405e-14
2.24943845126e-09	2.39968852081e-13
2.25985251054e-09	-3.48311060983e-14
2.27026656981e-09	-1.0842843008e-13
2.28068062909e-09	8.69396649941e-14
2.29109468837e-09	8.71084820486e-14
2.30150874765e-09	1.34301071783e-14
2.31192280692e-09	-4.82012907778e-14
2.3223368662e-09	-1.20585399305e-13
2.33275092548e-09	1.15529005633e-13
2.34316498476e-09	-9.89552339267e-14
2.35357904404e-09	6.65761526854e-14
2.36399310331e-09	-3.33154429608e-13
2.37440716259e-09	1.21935068379e-14
2.38482122187e-09	-7.57576781255e-15
2.39523528115e-09	-1.72571836378e-13
2.40564934042e-09	-2.29263927721e-13
2.4160633997e-09	1.24319825268e-13
2.42647745898e-09	-1.53890002954e-13
2.43689151826e-09	-1.11080829051e-13
2.44730557753e-09	-1.8781162606e-13
2.45771963681e-09	8.00795858119e-14
2.46813369609e-09	1.27258555256e-13
2.47854775537e-09	-8.15854003279e-14
2.48896181465e-09	-1.461351656e-13
2.49937587392e-09	-1.94799173537e-13
2.5097899332e-09	-2.13419505592e-13
2.52020399248e-09	-1.28959451624e-13
2.53061805176e-09	-1.38842903103e-13
2.54103211103e-09	2.52535080521e-13
2.55144617031e-09	-6.01252175218e-14
2.56186022959e-09	-1.65709785303e-13
2.57227428887e-09	7.11471490446e-14
2.58268834815e-09	-1.07438878757e-13
2.59310240742e-09	1.59622410233e-14
2.6035164667e-09	-1.20358136977e-13
2.61393052598e-09	-2.58414607258e-14
2.62434458526e-09	9.22032497011e-14
2.63475864453e-09	1.34342623831e-13
2.64517270381e-09	8.08577651449e-16
2.65558676309e-09	1.44701511515e-13
2.66600082237e-09	-4.34961684454e-14
2.67641488164e-09	1.03017664928e-13
2.68682894092e-09	9.54283445884e-14
2.6972430002e-09	-6.8315931254e-14
2.70765705948e-09	-3.36072451335e-14
2.71807111876e-09	1.38454731621e-13
2.72848517803e-09	4.91132403301e-14
2.73889923731e-09	-1.3590935018e-13
2.74931329659e-09	1.64188202422e-13
2.75972735587e-09	5.84662797776e-15
2.77014141514e-09	-9.02835003481e-14
2.78055547442e-09	-1.34122463027e-13
2.7909695337e-09	-8.76136321696e-15
2.80138359298e-09	-1.00835769042e-13
2.81179765225e-09	8.1056675586e-14
2.82221171153e-09	-1.3123431107e-13
2.83262577081e-09	4.11296634229e-14
2.84303983009e-09	-4.22044506548e-13
2.85345388937e-09	-1.60521850803e-13
2.86386794864e-09	1.08494742595e-13
2.87428200792e-09	-3.78846124393e-14
2.8846960672e-09	9.18800354809e-14
2.89511012648e-09	-7.60783783519e-14
2.90552418575e-09	-8.55557961174e-14
2.91593824503e-09	-2.73532146369e-14
2.92635230431e-09	-8.40384348482e-14
2.93676636359e-09	-8.57262191464e-14
2.94718042287e-09	3.46102066819e-14
2.95759448214e-09	2.24135488815e-14
2.96800854142e-09	-2.98528359693e-14
2.9784226007e-09	1.29726212953e-13
2.98883665998e-09	3.63040354072e-14
2.99925071925e-09	-8.89814141965e-14
3.00966477853e-09	-1.34623486404e-13
3.02007883781e-09	-4.43376075871e-14
3.03049289709e-09	-7.60824847676e-14
3.04090695636e-09	1.0494202214e-13
3.05132101564e-09	5.5954928733e-14
3.06173507492e-09	-1.89733591251e-13
3.0721491342e-09	1.06011052259e-13
3.08256319348e-09	6.14003612493e-14
3.09297725275e-09	6.0469797301e-14
3.10339131203e-09	-5.67969404689e-14
3.11380537131e-09	-1.16790691701e-13
3.12421943059e-09	-6.86363943112e-14
3.13463348986e-09	1.00081957153e-13
3.14504754914e-09	-8.83868716064e-14
3.15546160842e-09	-1.94674571602e-13
3.1658756677e-09	9.33004758522e-14
3.17628972697e-09	-6.85211436202e-14
3.18670378625e-09	2.55366799755e-13
3.19711784553e-09	-8.03079120131e-14
3.20753190481e-09	-2.89681988249e-13
3.21794596409e-09	5.97083282339e-14
3.22836002336e-09	7.27857376692e-14
3.23877408264e-09	1.03599054791e-13
3.24918814192e-09	-9.64337117104e-14
3.2596022012e-09	1.10787979268e-14
3.27001626047e-09	-8.58630386843e-14
3.28043031975e-09	7.95945476412e-14
3.29084437903e-09	-1.65358015908e-13
3.30125843831e-09	-2.05131782871e-13
3.31167249758e-09	3.00982383548e-14
3.32208655686e-09	-5.5450266503e-14
3.33250061614e-09	-2.06585210093e-13
3.34291467542e-09	-8.59491107843e-14
3.3533287347e-09	1.28501945413e-14
3.36374279397e-09	-9.31944883135e-14
3.37415685325e-09	-1.88631770794e-13
3.38457091253e-09	6.68485991388e-14
3.39498497181e-09	1.42858760845e-13
3.40539903108e-09	-1.69162169624e-13
3.41581309036e-09	3.82970564983e-14
3.42622714964e-09	1.06684470557e-13
3.43664120892e-09	1.89216074449e-13
3.4470552682e-09	1.93434786418e-13
3.45746932747e-09	-1.13235016795e-13
3.46788338675e-09	-2.70813373896e-13
3.47829744603e-09	-1.33564139566e-13
3.48871150531e-09	1.23831852975e-13
3.49912556458e-09	1.12827173819e-13
3.50953962386e-09	2.79274894226e-14
3.51995368314e-09	-2.62871050882e-14
3.53036774242e-09	-2.55352867757e-13
3.54078180169e-09	-2.15002915103e-14
3.55119586097e-09	-5.69010713113e-14
3.56160992025e-09	-2.78860593471e-14
3.57202397953e-09	3.16765656674e-14
3.58243803881e-09	1.21527855596e-13
3.59285209808e-09	-6.12524354154e-14
3.60326615736e-09	1.19258512028e-14
3.61368021664e-09	1.17402520539e-13
3.62409427592e-09	1.34542591369e-13
3.63450833519e-09	7.55220674409e-14
3.64492239447e-09	2.35181991069e-13
3.65533645375e-09	8.31701379858e-14
3.66575051303e-09	-1.54615225787e-13
3.6761645723e-09	1.16901361638e-13
3.68657863158e-09	-4.01856011575e-14
3.69699269086e-09	-5.64716188308e-15
3.70740675014e-09	-9.98844087411e-14
3.71782080942e-09	-1.72260128254e-13
3.72823486869e-09	1.14189866872e-13
3.73864892797e-09	8.67176339417e-14
3.74906298725e-09	2.60316616353e-13
3.75947704653e-09	1.19223410983e-14
3.7698911058e-09	-1.76896393584e-14
3.78030516508e-09	5.03822921967e-14
3.79071922436e-09	2.30700332969e-14
3.80113328364e-09	4.61734600207e-17
3.81154734292e-09	8.29085538829e-14
3.82196140219e-09	-2.22659252689e-13
3.83237546147e-09	-3.20945120523e-14
3.84278952075e-09	-1.67700055231e-13
3.85320358003e-09	-6.6213778438e-14
3.8636176393e-09	5.14367194671e-14
3.87403169858e-09	4.25565073632e-14
3.88444575786e-09	2.33952885276e-13
3.89485981714e-09	2.83522960968e-13
3.90527387641e-09	-1.10689520158e-13
3.91568793569e-09	-3.15203727919e-14
3.92610199497e-09	-1.17969029727e-13
3.93651605425e-09	-7.93227517091e-14
3.94693011353e-09	-6.10048917307e-14
3.9573441728e-09	-2.50148717658e-14
3.96775823208e-09	4.26115035184e-14
3.97817229136e-09	8.44482090593e-14
3.98858635064e-09	-7.90796871345e-14
3.99900040991e-09	-4.05696865533e-14
4.00941446919e-09	-1.83506096603e-13
4.01982852847e-09	9.27875194756e-14
4.03024258775e-09	-2.95782929399e-13
4.04065664702e-09	-2.02356198204e-13
4.0510707063e-09	-1.73823764627e-14
4.06148476558e-09	4.03510910666e-15
4.07189882486e-09	2.95311518295e-13
4.08231288414e-09	8.943665036e-15
4.09272694341e-09	-9.77225705955e-14
4.10314100269e-09	3.54195364986e-14
4.11355506197e-09	1.2258938439e-14
4.12396912125e-09	4.80594635811e-14
4.13438318052e-09	9.76954790937e-14
4.1447972398e-09	-9.13179579697e-14
4.15521129908e-09	2.85093536235e-14
4.16562535836e-09	-1.1669764005e-13
4.17603941763e-09	3.89239557469e-14
4.18645347691e-09	1.1809271009e-13
4.19686753619e-09	-1.12905961436e-13
4.20728159547e-09	1.89436899327e-13
4.21769565475e-09	1.93140588158e-14
4.22810971402e-09	-1.70556724668e-14
4.2385237733e-09	-2.78087286271e-14
4.24893783258e-09	2.25698339141e-13
4.25935189186e-09	1.02521039347e-13
4.26976595113e-09	2.62642799219e-13
4.28018001041e-09	8.61054188562e-14
4.29059406969e-09	2.8514842397e-14
4.30100812897e-09	-5.29576314984e-14
4.31142218825e-09	1.13516055551e-13
4.32183624752e-09	1.05921131241e-13
4.3322503068e-09	-2.79840088819e-13
4.34266436608e-09	2.61957339501e-14
4.35307842536e-09	1.84630278731e-14
4.36349248463e-09	1.89383705658e-13
4.37390654391e-09	1.03770345181e-13
4.38432060319e-09	2.19051895221e-13
4.39473466247e-09	-1.10196411458e-13
4.40514872174e-09	-2.22357288832e-13
4.41556278102e-09	-1.99954690392e-13
4.4259768403e-09	4.17419056134e-14
4.43639089958e-09	-1.60388670119e-13
4.44680495886e-09	4.73311168904e-15
4.45721901813e-09	-1.29050361976e-13
4.46763307741e-09	-1.70122068017e-13
4.47804713669e-09	-1.31860668218e-13
4.48846119597e-09	-1.96013236024e-13
4.49887525524e-09	2.4735947882e-13
4.50928931452e-09	-1.09493441874e-13
4.5197033738e-09	-8.42446297726e-14
4.53011743308e-09	4.84738659802e-14
4.54053149235e-09	-1.76673779773e-13
4.55094555163e-09	-3.61181082872e-14
4.56135961091e-09	-7.39542568894e-14
4.57177367019e-09	1.50339891361e-13
4.58218772947e-09	-8.26864076341e-15
4.59260178874e-09	1.42253992873e-13
4.60301584802e-09	8.8994383965e-14
4.6134299073e-09	4.81674026836e-14
4.62384396658e-09	7.70893494439e-15
4.63425802585e-09	-5.07783241453e-14
4.64467208513e-09	-1.15157679941e-13
4.65508614441e-09	-7.78509540362e-14
4.66550020369e-09	1.32585186319e-13
4.67591426297e-09	-8.18800458208e-14
4.68632832224e-09	1.38630535003e-13
4.69674238152e-09	-1.20882782408e-13
4.7071564408e-09	-3.78243782324e-14
4.71757050008e-09	-1.20288571855e-14
4.72798455935e-09	8.54155816714e-14
4.73839861863e-09	-1.00273589887e-13
4.74881267791e-09	-2.48657268821e-13
4.75922673719e-09	2.45387775854e-13
4.76964079646e-09	1.98375387298e-13
4.78005485574e-09	1.0777588945e-13
4.79046891502e-09	-1.76923674821e-13
4.8008829743e-09	-1.12055946932e-13
4.81129703358e-09	-9.7785854121e-14
4.82171109285e-09	-1.01341318963e-13
4.83212515213e-09	9.88079247328e-14
4.84253921141e-09	4.60853482654e-14
4.85295327069e-09	-9.28699594983e-14
4.86336732996e-09	-1.55470878142e-13
4.87378138924e-09	1.09593093606e-13
4.88419544852e-09	-9.35430389832e-14
4.8946095078e-09	1.16477885822e-13
4.90502356707e-09	-7.22678752778e-14
4.91543762635e-09	2.05564677693e-13
4.92585168563e-09	-2.11653814592e-14
4.93626574491e-09	2.09030655198e-14
