% time-domain voltage integration by openEMS v0.37.0-rc1 @Fri Jul  3 17:20:02 2026
% start-coordinates: (0.000346154,-5e-06,0.0005) m -> [26,16,17]
% stop-coordinates: (0.000346154,-1.0983e-05,0.0005) m -> [26,12,17]
% t/s	voltage
0	0
1.38877776201e-11	-3.50137235872e-09
2.77755552402e-11	3.58495083619e-09
4.16633328603e-11	1.94501561523e-08
5.55511104804e-11	4.49292123506e-08
6.94388881004e-11	7.35266691976e-08
8.33266657205e-11	8.77702266422e-08
9.72144433406e-11	5.7461068792e-08
1.11102220961e-10	-5.3059451055e-08
1.24989998581e-10	-2.66106503943e-07
1.38877776201e-10	-5.6002839699e-07
1.52765553821e-10	-8.37421410438e-07
1.66653331441e-10	-9.12878448389e-07
1.80541109061e-10	-5.46760261955e-07
1.94428886681e-10	4.57354843775e-07
2.08316664301e-10	2.10108714782e-06
2.22204441921e-10	4.03866090437e-06
2.36092219542e-10	5.51448897568e-06
2.49979997162e-10	5.49008075268e-06
2.63867774782e-10	3.00702504319e-06
2.77755552402e-10	-2.27841826472e-06
2.91643330022e-10	-9.58886221269e-06
3.05531107642e-10	-1.6835180304e-05
3.19418885262e-10	-2.09911977436e-05
3.33306662882e-10	-1.90863852367e-05
3.47194440502e-10	-9.56055237111e-06
3.61082218122e-10	6.55993767396e-06
3.74969995742e-10	2.52949221249e-05
3.88857773362e-10	4.05653463531e-05
4.02745550983e-10	4.61886020275e-05
4.16633328603e-10	3.83570122722e-05
4.30521106223e-10	1.75725299414e-05
4.44408883843e-10	-1.09154229904e-05
4.58296661463e-10	-3.85696757803e-05
4.72184439083e-10	-5.65005184399e-05
4.86072216703e-10	-5.87491440456e-05
4.99959994323e-10	-4.45600471721e-05
5.13847771943e-10	-1.8672211354e-05
5.27735549563e-10	1.04967109564e-05
5.41623327183e-10	3.39943080689e-05
5.55511104804e-10	4.54894752693e-05
5.69398882424e-10	4.31955622844e-05
5.83286660044e-10	2.99246698887e-05
5.97174437664e-10	1.14702265819e-05
6.11062215284e-10	-5.83355267736e-06
6.24949992904e-10	-1.73187377186e-05
6.38837770524e-10	-2.11706487789e-05
6.52725548144e-10	-1.83590864253e-05
6.66613325764e-10	-1.16171584068e-05
6.80501103384e-10	-4.07350410114e-06
6.94388881004e-10	1.87358719472e-06
7.08276658625e-10	5.10009090249e-06
7.22164436245e-10	5.69540952711e-06
7.36052213865e-10	4.51066409823e-06
7.49939991485e-10	2.60712744193e-06
7.63827769105e-10	8.36347169297e-07
7.77715546725e-10	-3.47746841101e-07
7.91603324345e-10	-8.68149498956e-07
