% time-domain voltage integration by openEMS v0.37.0-rc1 @Fri Jul  3 17:20:02 2026
% start-coordinates: (-0.000307692,-5e-06,0.0005) m -> [9,16,17]
% stop-coordinates: (-0.000307692,-1.0983e-05,0.0005) m -> [9,12,17]
% t/s	voltage
0	0
1.38877776201e-11	-2.95067109635e-09
2.77755552402e-11	4.77163686341e-09
4.16633328603e-11	2.16334203884e-08
5.55511104804e-11	4.77382995356e-08
6.94388881004e-11	7.57515099536e-08
8.33266657205e-11	8.67959215611e-08
9.72144433406e-11	4.98028382978e-08
1.11102220961e-10	-7.04092659731e-08
1.24989998581e-10	-2.93031945375e-07
1.38877776201e-10	-5.8986917395e-07
1.52765553821e-10	-8.54872183709e-07
1.66653331441e-10	-8.95290213521e-07
1.80541109061e-10	-4.71502310972e-07
1.94428886681e-10	5.99315811201e-07
2.08316664301e-10	2.2892573952e-06
2.22204441921e-10	4.21224854108e-06
2.36092219542e-10	5.57748467145e-06
2.49979997162e-10	5.3390336916e-06
2.63867774782e-10	2.57974136275e-06
2.77755552402e-10	-2.94839327353e-06
2.91643330022e-10	-1.03389977539e-05
3.05531107642e-10	-1.7389515051e-05
3.19418885262e-10	-2.10388916457e-05
3.33306662882e-10	-1.84088071364e-05
3.47194440502e-10	-8.16145029603e-06
3.61082218122e-10	8.38361870592e-06
3.74969995742e-10	2.6994514883e-05
3.88857773362e-10	4.15044869442e-05
4.02745550983e-10	4.58835284007e-05
4.16633328603e-10	3.6699229895e-05
4.30521106223e-10	1.49305676587e-05
4.44408883843e-10	-1.37779948091e-05
4.58296661463e-10	-4.07463603551e-05
4.72184439083e-10	-5.72718354306e-05
4.86072216703e-10	-5.78555163884e-05
4.99959994323e-10	-4.2302046495e-05
5.13847771943e-10	-1.57944705279e-05
5.27735549563e-10	1.30871731017e-05
5.41623327183e-10	3.55567080987e-05
5.55511104804e-10	4.56909792774e-05
5.69398882424e-10	4.21785716753e-05
5.83286660044e-10	2.81932007056e-05
5.97174437664e-10	9.66193488239e-06
6.11062215284e-10	-7.18471289929e-06
6.24949992904e-10	-1.79381372618e-05
6.38837770524e-10	-2.10749985854e-05
6.52725548144e-10	-1.77788242581e-05
6.66613325764e-10	-1.08645340333e-05
6.80501103384e-10	-3.4178933106e-06
6.94388881004e-10	2.2796778012e-06
7.08276658625e-10	5.23189135038e-06
7.22164436245e-10	5.6202666201e-06
7.36052213865e-10	4.33294701452e-06
7.49939991485e-10	2.42083950752e-06
7.63827769105e-10	6.99200114695e-07
7.77715546725e-10	-4.18057389595e-07
7.91603324345e-10	-8.82204687969e-07
