% time-domain voltage integration by openEMS v0.37.0-rc1 @Fri Jul  3 17:20:02 2026
% start-coordinates: (-0.000269231,5e-06,0.0005) m -> [10,22,17]
% stop-coordinates: (-0.000269231,1.0983e-05,0.0005) m -> [10,26,17]
% t/s	voltage
0	0
1.38877776201e-11	-3.06799280425e-09
2.77755552402e-11	4.72552741382e-09
4.16633328603e-11	2.15870654685e-08
5.55511104804e-11	4.76156571949e-08
6.94388881004e-11	7.56227240828e-08
8.33266657205e-11	8.68941221199e-08
9.72144433406e-11	5.0365132509e-08
1.11102220961e-10	-6.93131205765e-08
1.24989998581e-10	-2.91397107333e-07
1.38877776201e-10	-5.88170550486e-07
1.52765553821e-10	-8.53985596905e-07
1.66653331441e-10	-8.96626076496e-07
1.80541109061e-10	-4.76403030802e-07
1.94428886681e-10	5.90501173292e-07
2.08316664301e-10	2.27797539765e-06
2.22204441921e-10	4.20239848609e-06
2.36092219542e-10	5.57487123842e-06
2.49979997162e-10	5.34965010957e-06
2.63867774782e-10	2.60684976183e-06
2.77755552402e-10	-2.90758782739e-06
2.91643330022e-10	-1.02949611573e-05
3.05531107642e-10	-1.73591670318e-05
3.19418885262e-10	-2.10404245991e-05
3.33306662882e-10	-1.84540003829e-05
3.47194440502e-10	-8.24832341095e-06
3.61082218122e-10	8.27467169984e-06
3.74969995742e-10	2.6897171665e-05
3.88857773362e-10	4.1456190047e-05
4.02745550983e-10	4.59109696749e-05
4.16633328603e-10	3.6805657146e-05
4.30521106223e-10	1.50910725552e-05
4.44408883843e-10	-1.36105584261e-05
4.58296661463e-10	-4.06254694099e-05
4.72184439083e-10	-5.72376175114e-05
4.86072216703e-10	-5.79194702368e-05
4.99959994323e-10	-4.24427134931e-05
5.13847771943e-10	-1.59656151482e-05
5.27735549563e-10	1.29391592054e-05
5.41623327183e-10	3.54734393113e-05
5.55511104804e-10	4.56888019471e-05
5.69398882424e-10	4.22458051617e-05
5.83286660044e-10	2.82982932731e-05
5.97174437664e-10	9.76714272838e-06
6.11062215284e-10	-7.10948972937e-06
6.24949992904e-10	-1.79070730155e-05
6.38837770524e-10	-2.10851858355e-05
6.52725548144e-10	-1.78155091817e-05
6.66613325764e-10	-1.09091845388e-05
6.80501103384e-10	-3.45518395761e-06
6.94388881004e-10	2.25771742635e-06
7.08276658625e-10	5.22594064023e-06
7.22164436245e-10	5.62587240438e-06
7.36052213865e-10	4.34383525771e-06
7.49939991485e-10	2.43167141889e-06
7.63827769105e-10	7.0681275588e-07
7.77715546725e-10	-4.14389376147e-07
7.91603324345e-10	-8.8170591539e-07
