% time-domain current integration by openEMS v0.37.0-rc1 @Fri Jul  3 17:20:02 2026
% start-coordinates: (-0.000346154,-6.49575e-06,0.000384615) m -> [8,15,14]
% stop-coordinates: (-0.000346154,5e-06,0.000560983) m -> [8,22,19]
% t/s	current
2.21778626958e-15	0
1.38899954064e-11	-9.12957973109e-11
2.77777730264e-11	2.86008883243e-10
4.16655506465e-11	1.04030384307e-09
5.55533282666e-11	2.15147832883e-09
6.94411058867e-11	3.24265081453e-09
8.33288835068e-11	3.4590177389e-09
9.72166611269e-11	1.4678828153e-09
1.11104438747e-10	-4.1314374144e-09
1.24992216367e-10	-1.38827429552e-08
1.38879993987e-10	-2.61594390594e-08
1.52767771607e-10	-3.59960097285e-08
1.66655549227e-10	-3.50084619072e-08
1.80543326847e-10	-1.34645805616e-08
1.94431104468e-10	3.50406601513e-08
2.08318882088e-10	1.07116747472e-07
2.22206659708e-10	1.83999290471e-07
2.36094437328e-10	2.30852620575e-07
2.49982214948e-10	2.04620931754e-07
2.63869992568e-10	7.12770216182e-08
2.77757770188e-10	-1.71769897861e-07
2.91645547808e-10	-4.7758595656e-07
3.05533325428e-10	-7.47805358969e-07
3.19421103048e-10	-8.55405517086e-07
3.33308880668e-10	-6.90901288181e-07
3.47196658288e-10	-2.1782889803e-07
3.61084435909e-10	4.86649639697e-07
3.74972213529e-10	1.23040183553e-06
3.88859991149e-10	1.75600769126e-06
4.02747768769e-10	1.83123336228e-06
4.16635546389e-10	1.34761512527e-06
4.30523324009e-10	3.84289904787e-07
4.44411101629e-10	-7.96862252628e-07
4.58298879249e-10	-1.83163024303e-06
4.72186656869e-10	-2.38242773776e-06
4.86074434489e-10	-2.26484371524e-06
4.99962212109e-10	-1.51840083618e-06
5.1384998973e-10	-3.91320185145e-07
5.2773776735e-10	7.54134759973e-07
5.4162554497e-10	1.57549379765e-06
5.5551332259e-10	1.86750548892e-06
5.6940110021e-10	1.61824880252e-06
5.8328887783e-10	9.88209876596e-07
5.9717665545e-10	2.29975000821e-07
6.1106443307e-10	-4.12484553181e-07
6.2495221069e-10	-7.83036512075e-07
6.3883998831e-10	-8.45761007895e-07
6.5272776593e-10	-6.67957294809e-07
6.66615543551e-10	-3.71500277652e-07
6.80503321171e-10	-7.79913378324e-08
6.94391098791e-10	1.30401389242e-07
7.08278876411e-10	2.24864578513e-07
7.22166654031e-10	2.21282874691e-07
7.36054431651e-10	1.59265439947e-07
7.49942209271e-10	8.06555675581e-08
7.63829986891e-10	1.52604844317e-08
7.77717764511e-10	-2.38292390264e-08
7.91605542131e-10	-3.73152886368e-08
