% time-domain voltage integration by openEMS v0.37.0-rc1 @Fri Jul  3 17:20:02 2026
% start-coordinates: (-0.000346154,-5e-06,0.0005) m -> [8,16,17]
% stop-coordinates: (-0.000346154,-1.0983e-05,0.0005) m -> [8,12,17]
% t/s	voltage
0	0
1.38877776201e-11	-3.14474174479e-09
2.77755552402e-11	4.85535045502e-09
4.16633328603e-11	2.18719851119e-08
5.55511104804e-11	4.79426649491e-08
6.94388881004e-11	7.5885171924e-08
8.33266657205e-11	8.67091412005e-08
9.72144433406e-11	4.9351028153e-08
1.11102220961e-10	-7.151202297e-08
1.24989998581e-10	-2.94682699575e-07
1.38877776201e-10	-5.91657197901e-07
1.52765553821e-10	-8.55732182004e-07
1.66653331441e-10	-8.93895290233e-07
1.80541109061e-10	-4.66589789028e-07
1.94428886681e-10	6.08154266502e-07
2.08316664301e-10	2.30053632322e-06
2.22204441921e-10	4.22209359385e-06
2.36092219542e-10	5.57999283046e-06
2.49979997162e-10	5.32816955001e-06
2.63867774782e-10	2.5523969498e-06
2.77755552402e-10	-2.98936180343e-06
2.91643330022e-10	-1.03829745512e-05
3.05531107642e-10	-1.74195924956e-05
3.19418885262e-10	-2.10368589251e-05
3.33306662882e-10	-1.83628940249e-05
3.47194440502e-10	-8.07408241599e-06
3.61082218122e-10	8.4927419266e-06
3.74969995742e-10	2.70914861176e-05
3.88857773362e-10	4.15518798036e-05
4.02745550983e-10	4.58548793176e-05
4.16633328603e-10	3.65915584553e-05
4.30521106223e-10	1.47694174757e-05
4.44408883843e-10	-1.39452433814e-05
4.58296661463e-10	-4.08663463531e-05
4.72184439083e-10	-5.73046654608e-05
4.86072216703e-10	-5.77901009819e-05
4.99959994323e-10	-4.21602962888e-05
5.13847771943e-10	-1.56231908477e-05
5.27735549563e-10	1.32345819566e-05
5.41623327183e-10	3.56389091394e-05
5.55511104804e-10	4.56920106444e-05
5.69398882424e-10	4.21103577537e-05
5.83286660044e-10	2.80876406578e-05
5.97174437664e-10	9.55682048698e-06
6.11062215284e-10	-7.25933068679e-06
6.24949992904e-10	-1.79685312105e-05
6.38837770524e-10	-2.106424472e-05
6.52725548144e-10	-1.77418210114e-05
6.66613325764e-10	-1.08198387352e-05
6.80501103384e-10	-3.38067133043e-06
6.94388881004e-10	2.30134673984e-06
7.08276658625e-10	5.23762344073e-06
7.22164436245e-10	5.61450872283e-06
7.36052213865e-10	4.32201159128e-06
7.49939991485e-10	2.41006637225e-06
7.63827769105e-10	6.91577582757e-07
7.77715546725e-10	-4.21658143068e-07
7.91603324345e-10	-8.82660842194e-07
