% time-domain voltage integration by openEMS v0.37.0-rc1 @Fri Jul  3 17:20:02 2026
% start-coordinates: (-0.000269231,-5e-06,0.0005) m -> [10,16,17]
% stop-coordinates: (-0.000269231,-1.0983e-05,0.0005) m -> [10,12,17]
% t/s	voltage
0	0
1.38877776201e-11	-3.06799385896e-09
2.77755552402e-11	4.72552519337e-09
4.16633328603e-11	2.15870636922e-08
5.55511104804e-11	4.76156518658e-08
6.94388881004e-11	7.5622690332e-08
8.33266657205e-11	8.68941487653e-08
9.72144433406e-11	5.03651751416e-08
1.11102220961e-10	-6.93130957075e-08
1.24989998581e-10	-2.91397164176e-07
1.38877776201e-10	-5.88170635751e-07
1.52765553821e-10	-8.53985980598e-07
1.66653331441e-10	-8.96625948599e-07
1.80541109061e-10	-4.7640291001e-07
1.94428886681e-10	5.90501045394e-07
2.08316664301e-10	2.27797733032e-06
2.22204441921e-10	4.2023966671e-06
2.36092219542e-10	5.57486850994e-06
2.49979997162e-10	5.34964647159e-06
2.63867774782e-10	2.60684930709e-06
2.77755552402e-10	-2.90758947585e-06
2.91643330022e-10	-1.02949618395e-05
3.05531107642e-10	-1.73591561179e-05
3.19418885262e-10	-2.10404177778e-05
3.33306662882e-10	-1.84539967449e-05
3.47194440502e-10	-8.24834660307e-06
3.61082218122e-10	8.2746660155e-06
3.74969995742e-10	2.6897171665e-05
3.88857773362e-10	4.14561727666e-05
4.02745550983e-10	4.5910956942e-05
4.16633328603e-10	3.68056616935e-05
4.30521106223e-10	1.5091101659e-05
4.44408883843e-10	-1.3610535234e-05
4.58296661463e-10	-4.06254757763e-05
4.72184439083e-10	-5.72376047785e-05
4.86072216703e-10	-5.79194802413e-05
4.99959994323e-10	-4.24426525569e-05
5.13847771943e-10	-1.59656510732e-05
5.27735549563e-10	1.29391305563e-05
5.41623327183e-10	3.54734620487e-05
5.55511104804e-10	4.56887637483e-05
5.69398882424e-10	4.22458342655e-05
5.83286660044e-10	2.82982668978e-05
5.97174437664e-10	9.7671468211e-06
6.11062215284e-10	-7.10945198534e-06
6.24949992904e-10	-1.79070766535e-05
6.38837770524e-10	-2.10851403608e-05
6.52725548144e-10	-1.78155305548e-05
6.66613325764e-10	-1.09091818103e-05
6.80501103384e-10	-3.45517497635e-06
6.94388881004e-10	2.25769292683e-06
7.08276658625e-10	5.22595860275e-06
7.22164436245e-10	5.62584966701e-06
7.36052213865e-10	4.34383650827e-06
7.49939991485e-10	2.43168204861e-06
7.63827769105e-10	7.06794892835e-07
7.77715546725e-10	-4.14366070345e-07
7.91603324345e-10	-8.81721746282e-07
