% time-domain current integration by openEMS v0.37.0-rc1 @Fri Jul  3 17:24:19 2026
% start-coordinates: (-0.00027,0.00492902,-2e-05) m -> [9,257,9]
% stop-coordinates: (-0.00025,0.00492902,0) m -> [10,257,10]
% t/s	current
1.92445896361e-14	0
1.38753491276e-11	0
2.77314536656e-11	0
4.15875582037e-11	0
5.54436627417e-11	0
6.92997672797e-11	0
8.31558718177e-11	0
9.70119763557e-11	0
1.10868080894e-10	0
1.24724185432e-10	0
1.3858028997e-10	0
1.52436394508e-10	0
1.66292499046e-10	0
1.80148603584e-10	0
1.94004708122e-10	0
2.0786081266e-10	0
2.21716917198e-10	0
2.35573021736e-10	0
2.49429126274e-10	0
2.63285230812e-10	0
2.7714133535e-10	0
2.90997439888e-10	0
3.04853544426e-10	0
3.18709648964e-10	0
3.32565753502e-10	0
3.4642185804e-10	0
3.60277962578e-10	0
3.74134067116e-10	0
3.87990171654e-10	0
4.01846276192e-10	0
4.1570238073e-10	0
4.29558485268e-10	0
4.43414589806e-10	0
4.57270694344e-10	0
4.71126798882e-10	0
4.8498290342e-10	0
4.98839007958e-10	0
5.12695112496e-10	0
5.26551217034e-10	0
5.40407321572e-10	0
5.5426342611e-10	0
5.68119530648e-10	0
5.81975635186e-10	0
5.95831739724e-10	0
6.09687844262e-10	0
6.235439488e-10	0
6.37400053338e-10	0
6.51256157876e-10	0
6.65112262414e-10	0
6.78968366952e-10	0
6.9282447149e-10	0
7.06680576028e-10	0
7.20536680566e-10	0
7.34392785104e-10	0
7.48248889642e-10	0
7.6210499418e-10	0
7.75961098718e-10	0
7.89817203256e-10	0
8.03673307794e-10	0
8.17529412332e-10	0
8.3138551687e-10	0
8.45241621408e-10	0
8.59097725946e-10	0
8.72953830484e-10	0
8.86809935022e-10	0
9.0066603956e-10	0
9.14522144098e-10	0
9.28378248636e-10	0
9.42234353174e-10	0
9.56090457712e-10	0
9.6994656225e-10	0
9.83802666788e-10	0
9.97658771326e-10	0
1.01151487586e-09	0
1.0253709804e-09	0
1.03922708494e-09	0
1.05308318948e-09	0
1.06693929402e-09	0
1.08079539855e-09	0
1.09465150309e-09	0
1.10850760763e-09	0
1.12236371217e-09	0
1.13621981671e-09	0
1.15007592124e-09	0
1.16393202578e-09	0
1.17778813032e-09	0
1.19164423486e-09	0
1.2055003394e-09	0
1.21935644393e-09	0
1.23321254847e-09	0
1.24706865301e-09	0
1.26092475755e-09	0
1.27478086209e-09	0
1.28863696662e-09	0
1.30249307116e-09	0
1.3163491757e-09	0
1.33020528024e-09	0
1.34406138478e-09	0
1.35791748931e-09	0
1.37177359385e-09	0
1.38562969839e-09	0
1.39948580293e-09	0
1.41334190747e-09	0
1.427198012e-09	0
1.44105411654e-09	0
1.45491022108e-09	0
1.46876632562e-09	0
1.48262243016e-09	0
1.49647853469e-09	0
1.51033463923e-09	0
1.52419074377e-09	0
1.53804684831e-09	0
1.55190295285e-09	0
1.56575905738e-09	0
1.57961516192e-09	0
1.59347126646e-09	0
1.607327371e-09	0
1.62118347554e-09	0
1.63503958007e-09	0
1.64889568461e-09	0
1.66275178915e-09	0
1.67660789369e-09	0
1.69046399823e-09	0
1.70432010276e-09	0
1.7181762073e-09	0
1.73203231184e-09	0
1.74588841638e-09	0
1.75974452092e-09	0
1.77360062545e-09	0
1.78745672999e-09	0
1.80131283453e-09	0
1.81516893907e-09	0
1.82902504361e-09	0
1.84288114814e-09	0
1.85673725268e-09	0
1.87059335722e-09	0
1.88444946176e-09	0
1.8983055663e-09	0
1.91216167083e-09	0
1.92601777537e-09	0
1.93987387991e-09	0
1.95372998445e-09	0
1.96758608899e-09	0
1.98144219352e-09	0
1.99529829806e-09	0
2.0091544026e-09	0
2.02301050714e-09	0
2.03686661168e-09	0
2.05072271621e-09	0
2.06457882075e-09	0
2.07843492529e-09	0
2.09229102983e-09	0
2.10614713437e-09	0
2.1200032389e-09	0
2.13385934344e-09	0
2.14771544798e-09	0
2.16157155252e-09	0
2.17542765706e-09	0
2.18928376159e-09	0
2.20313986613e-09	0
2.21699597067e-09	0
2.23085207521e-09	0
2.24470817975e-09	0
2.25856428428e-09	0
2.27242038882e-09	0
2.28627649336e-09	0
2.3001325979e-09	0
2.31398870244e-09	0
2.32784480697e-09	0
2.34170091151e-09	0
2.35555701605e-09	0
2.36941312059e-09	0
2.38326922513e-09	0
2.39712532966e-09	0
2.4109814342e-09	0
2.42483753874e-09	0
2.43869364328e-09	0
2.45254974782e-09	0
2.46640585235e-09	0
2.48026195689e-09	0
2.49411806143e-09	0
2.50797416597e-09	0
2.52183027051e-09	0
2.53568637504e-09	0
2.54954247958e-09	0
2.56339858412e-09	0
2.57725468866e-09	0
2.5911107932e-09	0
2.60496689773e-09	0
2.61882300227e-09	0
2.63267910681e-09	0
2.64653521135e-09	0
2.66039131589e-09	0
2.67424742042e-09	0
2.68810352496e-09	0
2.7019596295e-09	0
2.71581573404e-09	0
2.72967183858e-09	0
2.74352794311e-09	0
2.75738404765e-09	0
2.77124015219e-09	0
2.78509625673e-09	0
2.79895236127e-09	0
2.8128084658e-09	0
2.82666457034e-09	0
2.84052067488e-09	0
2.85437677942e-09	0
2.86823288396e-09	0
2.88208898849e-09	0
2.89594509303e-09	0
2.90980119757e-09	0
2.92365730211e-09	0
2.93751340665e-09	0
2.95136951118e-09	0
2.96522561572e-09	0
2.97908172026e-09	0
2.9929378248e-09	0
3.00679392934e-09	0
3.02065003387e-09	0
3.03450613841e-09	0
3.04836224295e-09	0
3.06221834749e-09	0
3.07607445203e-09	0
3.08993055656e-09	0
3.1037866611e-09	0
3.11764276564e-09	0
3.13149887018e-09	0
3.14535497472e-09	0
3.15921107925e-09	0
3.17306718379e-09	0
3.18692328833e-09	0
3.20077939287e-09	0
3.21463549741e-09	0
3.22849160195e-09	0
3.24234770648e-09	0
3.25620381102e-09	0
3.27005991556e-09	0
3.2839160201e-09	0
3.29777212464e-09	0
3.31162822917e-09	0
3.32548433371e-09	0
3.33934043825e-09	0
3.35319654279e-09	0
3.36705264733e-09	0
3.38090875186e-09	0
3.3947648564e-09	0
3.40862096094e-09	0
3.42247706548e-09	0
3.43633317002e-09	0
3.45018927455e-09	0
3.46404537909e-09	0
3.47790148363e-09	0
3.49175758817e-09	0
3.50561369271e-09	0
3.51946979724e-09	0
3.53332590178e-09	0
3.54718200632e-09	0
3.56103811086e-09	0
3.5748942154e-09	0
3.58875031993e-09	0
3.60260642447e-09	0
3.61646252901e-09	0
3.63031863355e-09	0
3.64417473809e-09	0
3.65803084262e-09	0
3.67188694716e-09	0
3.6857430517e-09	0
3.69959915624e-09	0
3.71345526078e-09	0
3.72731136531e-09	0
3.74116746985e-09	0
3.75502357439e-09	0
3.76887967893e-09	0
3.78273578347e-09	0
3.796591888e-09	0
3.81044799254e-09	0
3.82430409708e-09	0
3.83816020162e-09	0
3.85201630616e-09	0
3.86587241069e-09	0
3.87972851523e-09	0
3.89358461977e-09	0
3.90744072431e-09	0
3.92129682885e-09	0
3.93515293338e-09	0
3.94900903792e-09	0
3.96286514246e-09	0
3.976721247e-09	0
3.99057735154e-09	0
4.00443345607e-09	0
4.01828956061e-09	0
4.03214566515e-09	0
4.04600176969e-09	0
4.05985787423e-09	0
4.07371397876e-09	0
4.0875700833e-09	0
4.10142618784e-09	0
4.11528229238e-09	0
4.12913839692e-09	0
4.14299450145e-09	0
4.15685060599e-09	0
4.17070671053e-09	0
4.18456281507e-09	0
4.19841891961e-09	0
4.21227502414e-09	0
4.22613112868e-09	0
4.23998723322e-09	0
4.25384333776e-09	0
4.2676994423e-09	0
4.28155554683e-09	0
4.29541165137e-09	0
4.30926775591e-09	0
4.32312386045e-09	0
4.33697996499e-09	0
4.35083606952e-09	0
4.36469217406e-09	0
4.3785482786e-09	0
4.39240438314e-09	0
4.40626048768e-09	0
4.42011659221e-09	0
4.43397269675e-09	0
4.44782880129e-09	0
4.46168490583e-09	0
4.47554101037e-09	0
4.4893971149e-09	0
4.50325321944e-09	0
4.51710932398e-09	0
4.53096542852e-09	0
4.54482153306e-09	0
4.55867763759e-09	0
4.57253374213e-09	0
4.58638984667e-09	0
4.60024595121e-09	0
4.61410205575e-09	0
4.62795816028e-09	0
4.64181426482e-09	0
4.65567036936e-09	0
4.6695264739e-09	0
4.68338257844e-09	0
4.69723868297e-09	0
4.71109478751e-09	0
4.72495089205e-09	0
4.73880699659e-09	0
4.75266310113e-09	0
4.76651920566e-09	0
4.7803753102e-09	0
4.79423141474e-09	0
4.80808751928e-09	0
4.82194362382e-09	0
4.83579972835e-09	0
4.84965583289e-09	0
4.86351193743e-09	0
4.87736804197e-09	0
4.89122414651e-09	0
4.90508025104e-09	0
4.91893635558e-09	0
4.93279246012e-09	0
4.94664856466e-09	0
4.9605046692e-09	0
4.97436077373e-09	0
4.98821687827e-09	0
5.00207298281e-09	0
5.01592908735e-09	0
5.02978519189e-09	0
